#Projected constraints with 3G GW detectors with 10 year of observations
#Fig 5.3 in https://arxiv.org/abs/2111.06990
#Columns: M_PBH [M_sun], f_PBH
9.999999999999999547e-08 3.960599371013477445e+07
1.669214084516683951e-07 2.870918387956329156e+06
2.786275659948871098e-07 2.041824029924318893e+05
4.650890574932674247e-07 1.885630999604345197e+04
7.763332053223516725e-07 2.398670675924910483e+03
1.295866320602052134e-06 5.270716402465452575e+02
2.163078313999758161e-06 1.497698647549246402e+02
3.610640787640990528e-06 4.540959760388599875e+01
6.026932456860767426e-06 1.486744815584362911e+01
1.006024054342271354e-05 5.080290063002266265e+00
1.679269520870700627e-05 1.759822974005556873e+00
2.803060335936951027e-05 6.243610838757015502e-01
4.678907792496026240e-05 2.267661811312762510e-01
7.810098787389232230e-05 8.448999573650335659e-02
1.303672689737678128e-04 3.105404252552265709e-02
2.176108815309881243e-04 1.197762881273225707e-02
3.632391483956168765e-04 4.891177961700777198e-03
6.063239025498094953e-04 2.295152419305037696e-03
1.012084397915263357e-03 1.199121459998058348e-03
1.689385531719745552e-03 6.691037013941624704e-04
2.819946123725306300e-03 3.729869203613794034e-04
4.707093787300508508e-03 2.083542311247048827e-04
7.857147246902987728e-03 1.172090226610162338e-04
1.311526084865195438e-02 8.195624913811127719e-05
2.189217813068003449e-02 6.892794986594688318e-05
3.654273207647924099e-02 5.421539994858835544e-05
6.099764306877875769e-02 4.315644640508266316e-05
1.018181249327269750e-01 3.734355261148134632e-05
1.699562481967872019e-01 2.888280027735966532e-05
2.836933632416904771e-01 2.313571801392289265e-05
4.735449576069374333e-01 2.023314327090292773e-05
7.904479128893558970e-01 1.529825135978679025e-05
1.319426789271729739e+00 1.262111679243839640e-05
2.202405780140998193e+00 1.103392451221403370e-05
3.676286748032309148e+00 8.575176452151811381e-06
6.136509618537567157e+00 7.440940896486622438e-06
1.024314828503501040e+01 6.959582771209552252e-06
1.709800738717332180e+01 7.029916494715413484e-06
2.854023474784007064e+01 8.849759475271059877e-06
4.763976181650701847e+01 1.186357349303359639e-05
7.952096140713379668e+01 1.516764677775255491e-05
1.327375087950951240e+02 2.127994224188840583e-05
2.215673192244304346e+02 2.785237241485818204e-05
3.698432899180227196e+02 3.947092965759359609e-05
6.173476285951520595e+02 5.545191524722035991e-05
1.030485356694000529e+03 7.839397112345497336e-05
1.720100671281827999e+03 1.239966141391565455e-04
2.871216267290224096e+03 2.029920051113828989e-04
4.792674633054251899e+03 7.354323074321926067e-04
8.000000000000003638e+03 1.683336331963677779e+01
