#Projected constraints with 3G GW detectors with 1 year of observations
#Fig 5.3 in https://arxiv.org/abs/2111.06990
#Columns: M_PBH [M_sun], f_PBH
9.999999999999999547e-08 1.246788240973390656e+11
1.669214084516683951e-07 9.186216671689814329e+08
2.786275659948871098e-07 1.782140700593837202e+08
4.650890574932674247e-07 1.947789271356923506e+07
7.763332053223516725e-07 1.325784453502105782e+06
1.295866320602052134e-06 1.006882066811258846e+05
2.163078313999758161e-06 1.017308966464013611e+04
3.610640787640990528e-06 1.460373187337868785e+03
6.026932456860767426e-06 3.616816304077672157e+02
1.006024054342271354e-05 1.068670680224109191e+02
1.679269520870700627e-05 3.330399936241776260e+01
2.803060335936951027e-05 1.098872453065828658e+01
4.678907792496026240e-05 3.738312521780932762e+00
7.810098787389232230e-05 1.319334801632770171e+00
1.303672689737678128e-04 4.792894880840828931e-01
2.176108815309881243e-04 1.709012721599066642e-01
3.632391483956168765e-04 6.347027720665243677e-02
6.063239025498094953e-04 2.432103012263586717e-02
1.012084397915263357e-03 9.265786332425926877e-03
1.689385531719745552e-03 3.981783855966240619e-03
2.819946123725306300e-03 1.926893503371491243e-03
4.707093787300508508e-03 1.026560875903609555e-03
7.857147246902987728e-03 5.731950227823329625e-04
1.311526084865195438e-02 3.208779569596203899e-04
2.189217813068003449e-02 1.832302623299760934e-04
3.654273207647924099e-02 1.248898116683786299e-04
6.099764306877875769e-02 9.376896141794880703e-05
1.018181249327269750e-01 7.592168807167708915e-05
1.699562481967872019e-01 6.647551843786798323e-05
2.836933632416904771e-01 4.957086123506456858e-05
4.735449576069374333e-01 4.082088256459768318e-05
7.904479128893558970e-01 3.507765350094192171e-05
1.319426789271729739e+00 2.685807232421131985e-05
2.202405780140998193e+00 2.245179766765213069e-05
3.676286748032309148e+00 1.973866742723868637e-05
6.136509618537567157e+00 1.625623462874166558e-05
1.024314828503501040e+01 1.477832528714567565e-05
1.709800738717332180e+01 1.499427025938169968e-05
2.854023474784007064e+01 2.039285418655459531e-05
4.763976181650701847e+01 2.453219423041291328e-05
7.952096140713379668e+01 3.467665947651877499e-05
1.327375087950951240e+02 4.387309027125544828e-05
2.215673192244304346e+02 6.405236104606231253e-05
3.698432899180227196e+02 8.245335388231748411e-05
6.173476285951520595e+02 1.231055987793807142e-04
1.030485356694000529e+03 1.707884137920724708e-04
1.720100671281827999e+03 2.545486226603498785e-04
2.871216267290224096e+03 4.220581421257708454e-04
4.792674633054251899e+03 1.516437932005179233e-03
8.000000000000003638e+03 8.401790167872297843e+01
