#Limits from https://arxiv.org/abs/2406.11949
1.590362935107815096e-19 4.152871246151840204e-11
2.828109661991295147e-19 3.980611041934222637e-10
5.029169181251257413e-19 1.799999999999999988e-09
8.943268004621418967e-19 7.559999999999999536e-09
1.590362935107815240e-18 1.799999999999999905e-08
2.828109661991295340e-18 1.360000000000000002e-07
5.029169181251257605e-18 5.999999999999999728e-07
8.943268004621419352e-18 2.759999999999999833e-06
1.590362935107815048e-17 7.849999999999999380e-06
2.828109661991295186e-17 6.600000000000000506e-05
5.029169181251257451e-17 5.500000000000000331e-04
8.943268004621418736e-17 9.729999999999999760e-02
1.590362935107815232e-16 1.000000000000000000e+00
2.828109661991294939e-16 1.000000000000000000e+03
