#Fig. 1 of https://arxiv.org/abs/1906.09994 (Iso 1.5 kpc)
5.015152369958812e-18 0.005747694424835358
5.7392237847167976e-18 0.00627289985819625
6.597206783129237e-18 0.007224571174886718
7.315626819739304e-18 0.00804544640388272
8.259243605248871e-18 0.009454906841666284
9.929667875035531e-18 0.01271121171496965
1.1568075060907645e-17 0.016860653036059475
1.4095630000267746e-17 0.025243069420294917
1.656877848819606e-17 0.03678962947073938
1.8872786543857408e-17 0.05149699518585954
2.2083794095481055e-17 0.07920164050192549
2.619097751493786e-17 0.1302860029261731
3.14814602914552e-17 0.24190323416992993
3.537615287056164e-17 0.3770823647939702
4.0836004741775534e-17 0.6815466984147946
4.527303434495091e-17 1.0624051457503012
