# Envelope of bounds: Radio, CMB, EDGES, X-ray, LeoT
#  Columns: PBH mass [Muns], PBH fraction f_PBH
1.000000000000000021e-02 1.000000000000000000e+10
1.013925407558815411e-02 1.000000000000000000e+10
1.028044732093309245e-02 1.000000000000000000e+10
1.042360673976401760e-02 1.000000000000000000e+10
1.056875971184803933e-02 1.000000000000000000e+10
1.071593399822671176e-02 1.000000000000000000e+10
1.086515774652538346e-02 1.000000000000000000e+10
1.101645949633656314e-02 1.000000000000000000e+10
1.116986818467823224e-02 1.000000000000000000e+10
1.132541315152811416e-02 1.000000000000000000e+10
1.148312414543511094e-02 1.000000000000000000e+10
1.164303132920876775e-02 1.000000000000000000e+10
1.180516528568804902e-02 1.000000000000000000e+10
1.196955702359043389e-02 1.000000000000000000e+10
1.213623798344240501e-02 1.000000000000000000e+10
1.230524004359261590e-02 1.000000000000000000e+10
1.247659552630869806e-02 1.000000000000000000e+10
1.265033720395903130e-02 1.000000000000000000e+10
1.282649830528060503e-02 1.000000000000000000e+10
1.300511252173409266e-02 1.000000000000000000e+10
1.318621401394748545e-02 1.000000000000000000e+10
1.336983741824946531e-02 1.000000000000000000e+10
1.355601785329368231e-02 1.000000000000000000e+10
1.374479092677537324e-02 1.000000000000000000e+10
1.393619274224142807e-02 1.000000000000000000e+10
1.413025990599533696e-02 1.000000000000000000e+10
1.432702953409830879e-02 1.000000000000000000e+10
1.452653925946781159e-02 1.000000000000000000e+10
1.472882723907502529e-02 1.000000000000000000e+10
1.493393216124252500e-02 1.000000000000000000e+10
1.514189325304352018e-02 1.000000000000000000e+10
1.535275028780422671e-02 1.000000000000000000e+10
1.556654359271062056e-02 1.000000000000000000e+10
1.578331405652117284e-02 1.000000000000000000e+10
1.600310313738700918e-02 1.000000000000000000e+10
1.622595287078087284e-02 1.000000000000000000e+10
1.645190587753662601e-02 1.000000000000000000e+10
1.668100537200059227e-02 1.000000000000000000e+10
1.691329517029648011e-02 1.000000000000000000e+10
1.714881969870540174e-02 1.000000000000000000e+10
1.738762400216250364e-02 1.000000000000000000e+10
1.762975375287205784e-02 1.000000000000000000e+10
1.787525525904235316e-02 1.000000000000000000e+10
1.812417547374236756e-02 1.000000000000000000e+10
1.837656200388171346e-02 1.000000000000000000e+10
1.863246311931559748e-02 1.000000000000000000e+10
1.889192776207666499e-02 1.000000000000000000e+10
1.915500555573527997e-02 1.000000000000000000e+10
1.942174681489025612e-02 1.000000000000000000e+10
1.969220255479172538e-02 1.000000000000000000e+10
1.996642450109793396e-02 1.000000000000000000e+10
2.024446509976803726e-02 1.000000000000000000e+10
2.052637752709252084e-02 1.000000000000000000e+10
2.081221569986338102e-02 1.000000000000000000e+10
2.110203428568595621e-02 1.000000000000000000e+10
2.139588871343421628e-02 1.000000000000000000e+10
2.169383518385184506e-02 1.000000000000000000e+10
2.199593068030074663e-02 1.000000000000000000e+10
2.230223297965937615e-02 1.000000000000000000e+10
2.261280066337278266e-02 1.000000000000000000e+10
2.292769312865648723e-02 1.000000000000000000e+10
2.324697059985647921e-02 1.000000000000000000e+10
2.357069413996727703e-02 1.000000000000000000e+10
2.389892566231050300e-02 1.000000000000000000e+10
2.423172794237599473e-02 1.000000000000000000e+10
2.456916462982790261e-02 1.000000000000000000e+10
2.491130026067788633e-02 1.000000000000000000e+10
2.525820026962784584e-02 1.000000000000000000e+10
2.560993100258459471e-02 1.000000000000000000e+10
2.596655972934871007e-02 1.000000000000000000e+10
2.632815465648021339e-02 1.000000000000000000e+10
2.669478494034320873e-02 1.000000000000000000e+10
2.706652070033241375e-02 1.000000000000000000e+10
2.744343303228365463e-02 1.000000000000000000e+10
2.782559402207124277e-02 1.000000000000000000e+10
2.821307675939472084e-02 1.000000000000000000e+10
2.860595535175742068e-02 1.000000000000000000e+10
2.900430493863991738e-02 1.000000000000000000e+10
2.940820170587063812e-02 1.000000000000000000e+10
2.981772290019671715e-02 1.000000000000000000e+10
3.023294684405777866e-02 1.000000000000000000e+10
3.065395295056526706e-02 1.000000000000000000e+10
3.108082173869063797e-02 1.000000000000000000e+10
3.151363484866478992e-02 1.000000000000000000e+10
3.195247505759211959e-02 1.000000000000000000e+10
3.239742629528197249e-02 1.000000000000000000e+10
3.284857366030043829e-02 1.000000000000000000e+10
3.330600343624588733e-02 1.000000000000000000e+10
3.376980310825091619e-02 1.000000000000000000e+10
3.424006137971424141e-02 1.000000000000000000e+10
3.471686818926561502e-02 1.000000000000000000e+10
3.520031472796678745e-02 1.000000000000000000e+10
3.569049345675229939e-02 1.000000000000000000e+10
3.618749812411280187e-02 1.000000000000000000e+10
3.669142378402494298e-02 1.000000000000000000e+10
3.720236681413068014e-02 1.000000000000000000e+10
3.772042493416997294e-02 1.000000000000000000e+10
3.824569722466999305e-02 1.000000000000000000e+10
3.877828414589457040e-02 1.000000000000000000e+10
3.931828755705769896e-02 1.000000000000000000e+10
3.986581073580440504e-02 1.000000000000000000e+10
4.042095839796305823e-02 1.000000000000000000e+10
4.098383671757261509e-02 1.000000000000000000e+10
4.155455334718875099e-02 1.000000000000000000e+10
4.213321743847289053e-02 1.000000000000000000e+10
4.271993966306778662e-02 1.000000000000000000e+10
4.331483223376398489e-02 1.000000000000000000e+10
4.391800892596085804e-02 1.000000000000000000e+10
4.452958509942655380e-02 1.000000000000000000e+10
4.514967772036102001e-02 1.000000000000000000e+10
4.577840538376618668e-02 1.000000000000000000e+10
4.641588833612777382e-02 1.000000000000000000e+10
4.706224849841281199e-02 1.000000000000000000e+10
4.771760948938745528e-02 1.000000000000000000e+10
4.838209664925956915e-02 1.000000000000000000e+10
4.905583706365047869e-02 1.000000000000000000e+10
4.973895958790062327e-02 1.000000000000000000e+10
5.043159487171358646e-02 1.000000000000000000e+10
5.113387538414326111e-02 1.000000000000000000e+10
5.184593543892913187e-02 1.000000000000000000e+10
5.256791122018421997e-02 1.000000000000000000e+10
5.329994080844088072e-02 1.000000000000000000e+10
5.404216420705915125e-02 1.000000000000000000e+10
5.479472336900287344e-02 1.000000000000000000e+10
5.555776222398877556e-02 1.000000000000000000e+10
5.633142670601355012e-02 1.000000000000000000e+10
5.711586478126431943e-02 1.000000000000000000e+10
5.791122647641758214e-02 1.000000000000000000e+10
5.871766390733255264e-02 1.000000000000000000e+10
5.953533130814370189e-02 1.000000000000000000e+10
6.036438506075866850e-02 1.000000000000000000e+10
6.120498372476699395e-02 1.000000000000000000e+10
6.205728806776500406e-02 1.000000000000000000e+10
6.292146109610344262e-02 1.000000000000000000e+10
6.379766808606282535e-02 1.000000000000000000e+10
6.468607661546327270e-02 1.000000000000000000e+10
6.558685659571432403e-02 1.000000000000000000e+10
6.650018030431117944e-02 1.000000000000000000e+10
6.742622241778342684e-02 1.000000000000000000e+10
6.836516004510238831e-02 1.000000000000000000e+10
6.931717276155408003e-02 1.000000000000000000e+10
7.028244264308348976e-02 1.000000000000000000e+10
7.126115430111745752e-02 1.000000000000000000e+10
7.225349491787214085e-02 1.000000000000000000e+10
7.325965428215229502e-02 1.000000000000000000e+10
7.427982482564918221e-02 1.000000000000000000e+10
7.531420165974371528e-02 1.000000000000000000e+10
7.636298261282241373e-02 1.000000000000000000e+10
7.742636826811269413e-02 1.000000000000000000e+10
7.850456200204508628e-02 1.000000000000000000e+10
7.959777002314985528e-02 1.000000000000000000e+10
8.070620141149503768e-02 1.000000000000000000e+10
8.183006815867389927e-02 1.000000000000000000e+10
8.296958520834907258e-02 1.000000000000000000e+10
8.412497049736118726e-02 1.000000000000000000e+10
8.529644499741025065e-02 1.000000000000000000e+10
8.648423275731721704e-02 1.000000000000000000e+10
8.768856094587426653e-02 1.000000000000000000e+10
8.890965989529157898e-02 1.000000000000000000e+10
9.014776314524917955e-02 1.000000000000000000e+10
9.140310748756232118e-02 1.000000000000000000e+10
9.267593301146878626e-02 1.000000000000000000e+10
9.396648314954690606e-02 1.000000000000000000e+10
9.527500472427290201e-02 1.000000000000000000e+10
9.660174799522645850e-02 1.000000000000000000e+10
9.794696670695395013e-02 1.000000000000000000e+10
9.931091813749795549e-02 1.000000000000000000e+10
1.006938631476027579e-01 1.000000000000000000e+10
1.020960662306046457e-01 1.000000000000000000e+10
1.035177955630176283e-01 1.000000000000000000e+10
1.049593230558227702e-01 1.000000000000000000e+10
1.064209244064724114e-01 1.000000000000000000e+10
1.079028791516184194e-01 1.000000000000000000e+10
1.094054707205742438e-01 1.000000000000000000e+10
1.109289864895222771e-01 1.000000000000000000e+10
1.124737178364751955e-01 1.000000000000000000e+10
1.140399601970032428e-01 1.000000000000000000e+10
1.156280131207376022e-01 1.000000000000000000e+10
1.172381803286598606e-01 1.000000000000000000e+10
1.188707697711903349e-01 1.000000000000000000e+10
1.205260936870842653e-01 1.000000000000000000e+10
1.222044686631488103e-01 1.000000000000000000e+10
1.239062156947916271e-01 1.000000000000000000e+10
1.256316602474120692e-01 1.000000000000000000e+10
1.273811323186478384e-01 1.000000000000000000e+10
1.291549665014883885e-01 1.000000000000000000e+10
1.309535020482666956e-01 1.000000000000000000e+10
1.327770829355429671e-01 1.000000000000000000e+10
1.346260579298910465e-01 1.000000000000000000e+10
1.365007806546013891e-01 1.000000000000000000e+10
1.384016096573131571e-01 1.000000000000000000e+10
1.403289084785872554e-01 1.000000000000000000e+10
1.422830457214352695e-01 1.000000000000000000e+10
1.442643951218157972e-01 1.000000000000000000e+10
1.462733356201129931e-01 1.000000000000000000e+10
1.483102514336104294e-01 1.000000000000000000e+10
1.503755321299737602e-01 1.000000000000000000e+10
1.524695727017573721e-01 1.000000000000000000e+10
1.545927736419477616e-01 1.000000000000000000e+10
1.567455410205594868e-01 1.000000000000000000e+10
1.589282865622977936e-01 1.000000000000000000e+10
1.611414277253019056e-01 1.000000000000000000e+10
1.633853877809861299e-01 1.000000000000000000e+10
1.656605958949914359e-01 1.000000000000000000e+10
1.679674872092653259e-01 1.000000000000000000e+10
1.703065029252844309e-01 1.000000000000000000e+10
1.726780903884355955e-01 1.000000000000000000e+10
1.750827031735724126e-01 1.000000000000000000e+10
1.775208011717634982e-01 1.000000000000000000e+10
1.799928506782476345e-01 1.000000000000000000e+10
1.824993244816152382e-01 1.000000000000000000e+10
1.850407019542302245e-01 1.000000000000000000e+10
1.876174691439120579e-01 1.000000000000000000e+10
1.902301188668944765e-01 1.000000000000000000e+10
1.928791508020777645e-01 1.000000000000000000e+10
1.955650715865949185e-01 1.000000000000000000e+10
1.982883949127071388e-01 1.000000000000000000e+10
2.010496416260497965e-01 1.000000000000000000e+10
2.038493398252463062e-01 1.000000000000000000e+10
2.066880249629081956e-01 1.000000000000000000e+10
2.095662399480432980e-01 1.000000000000000000e+10
2.124845352498882789e-01 1.000000000000000000e+10
2.154434690031883370e-01 1.000000000000000000e+10
2.184436071149427339e-01 1.000000000000000000e+10
2.214855233726359396e-01 1.000000000000000000e+10
2.245697995539774061e-01 1.000000000000000000e+10
2.276970255381680075e-01 1.000000000000000000e+10
2.308677994187168514e-01 1.000000000000000000e+10
2.340827276178293059e-01 1.000000000000000000e+10
2.373424250023867532e-01 1.000000000000000000e+10
2.406475150015424114e-01 1.000000000000000000e+10
2.439986297259550130e-01 1.000000000000000000e+10
2.473964100886812956e-01 1.000000000000000000e+10
2.508415059277540049e-01 1.000000000000000000e+10
2.543345761304649510e-01 1.000000000000000000e+10
2.578762887593800679e-01 1.000000000000000000e+10
2.614673211801092356e-01 1.000000000000000000e+10
2.651083601908537646e-01 1.000000000000000000e+10
2.688001021537606006e-01 1.000000000000000000e+10
2.725432531281029025e-01 1.000000000000000000e+10
2.763385290053169685e-01 1.000000000000000000e+10
2.801866556459195468e-01 1.000000000000000000e+10
2.840883690183302890e-01 1.000000000000000000e+10
2.880444153396296558e-01 1.000000000000000000e+10
2.920555512182746449e-01 1.000000000000000000e+10
2.961225437988034281e-01 1.000000000000000000e+10
3.002461709085549324e-01 1.000000000000000000e+10
3.044272212064302874e-01 1.000000000000000000e+10
3.086664943337272815e-01 1.000000000000000000e+10
3.129648010670751934e-01 1.000000000000000000e+10
3.173229634734976434e-01 1.000000000000000000e+10
3.217418150676371602e-01 1.000000000000000000e+10
3.262222009711669979e-01 1.000000000000000000e+10
3.307649780744240653e-01 1.000000000000000000e+10
3.353710152002930545e-01 1.000000000000000000e+10
3.400411932703706341e-01 1.000000000000000000e+10
3.447764054734464012e-01 1.000000000000000000e+10
3.495775574363275129e-01 1.000000000000000000e+10
3.544455673970433596e-01 1.000000000000000000e+10
3.593813663804627523e-01 1.000000000000000000e+10
3.643858983763544335e-01 1.000000000000000000e+10
3.694601205199302685e-01 1.000000000000000000e+10
3.746050032748993175e-01 1.000000000000000000e+10
3.798215306190734220e-01 1.000000000000000000e+10
3.851107002325570572e-01 1.000000000000000000e+10
3.904735236885559790e-01 1.000000000000000000e+10
3.959110266468458539e-01 1.000000000000000000e+10
4.014242490499321803e-01 1.000000000000000000e+10
4.070142453219436907e-01 1.000000000000000000e+10
4.126820845702953711e-01 1.000000000000000000e+10
4.184288507901582355e-01 1.000000000000000000e+10
4.242556430717777105e-01 1.000000000000000000e+10
4.301635758106794882e-01 1.000000000000000000e+10
4.361537789208003724e-01 1.000000000000000000e+10
4.422273980505899149e-01 1.000000000000000000e+10
4.483855948021188698e-01 1.000000000000000000e+10
4.546295469532399269e-01 1.000000000000000000e+10
4.609604486828433600e-01 1.000000000000000000e+10
4.673795107992461118e-01 1.000000000000000000e+10
4.738879609717653318e-01 1.000000000000000000e+10
4.804870439655131720e-01 1.000000000000000000e+10
4.871780218794630746e-01 1.000000000000000000e+10
4.939621743878320759e-01 1.000000000000000000e+10
5.008407989848210340e-01 1.000000000000000000e+10
5.078152112327672940e-01 1.000000000000000000e+10
5.148867450137495361e-01 1.000000000000000000e+10
5.220567527846975420e-01 1.000000000000000000e+10
5.293266058360561743e-01 1.000000000000000000e+10
5.366976945540475885e-01 1.000000000000000000e+10
5.441714286865890760e-01 1.000000000000000000e+10
5.517492376129126130e-01 1.100356444012709156e+00
5.594325706169377410e-01 1.084985239754315600e+00
5.672228971644543982e-01 1.069828760389512690e+00
5.751217071841613349e-01 1.054884006362823978e+00
5.831305113526221717e-01 1.040148020020448927e+00
5.912508413831878418e-01 1.025617885024925569e+00
5.994842503189409255e-01 1.011290725777973520e+00
6.078323128297229427e-01 9.971637068513925506e-01
6.162966255132942273e-01 9.832340324259176700e-01
6.248788072006891126e-01 9.694989457379096232e-01
6.335804992658250478e-01 9.559557285337731969e-01
6.424033659394190465e-01 9.426017005320028730e-01
6.513490946272803006e-01 9.294342188927351422e-01
6.604193962330304757e-01 9.164506776947193289e-01
6.696160054853218524e-01 9.036485074195879097e-01
6.789406812696109350e-01 8.910251744433334009e-01
6.883952069645495886e-01 8.785781805348931162e-01
6.979813907830659803e-01 8.663050623617294388e-01
7.077010661181889484e-01 8.542033910023263399e-01
7.175560918936925159e-01 8.422707714654904532e-01
7.275483529196228316e-01 8.305048422163664457e-01
7.376797602527734865e-01 8.189032747090778663e-01
7.479522515621821466e-01 8.074637729258945518e-01
7.583677914997191127e-01 7.961840729228342184e-01
7.689283720758309792e-01 7.850619423816190823e-01
7.796360130405233235e-01 7.740951801678830346e-01
7.904927622696424905e-01 7.632816158955574304e-01
8.015006961565405152e-01 7.526191094973381235e-01
8.126619200091945716e-01 7.421055508011519253e-01
8.239785684528515564e-01 7.317388591125444375e-01
8.354528058382867384e-01 7.215169828028952237e-01
8.470868266557406434e-01 7.114378989033915968e-01
8.588828559546249908e-01 7.014996127046694285e-01
8.708431497690723999e-01 6.917001573620482624e-01
8.829699955494086927e-01 6.820375935062835682e-01
8.952657125996396070e-01 6.725100088597508741e-01
9.077326525210228647e-01 6.631155178579983822e-01
9.203731996618220723e-01 6.538522612765810260e-01
9.331897715733238341e-01 6.447184058631080239e-01
9.461848194721996785e-01 6.357121439744346514e-01
9.593608287093141618e-01 6.268316932189157420e-01
9.727203192450541991e-01 6.180752961036626303e-01
9.862658461312820979e-01 6.094412196867240450e-01
1.000000000000000000e+00 6.009277552341258932e-01
1.013925407558815328e+00 5.925332178817046547e-01
1.028044732093309710e+00 5.842559463016618881e-01
1.042360673976401086e+00 5.760943023737785662e-01
1.056875971184803920e+00 5.680466708612191828e-01
1.071593399822671211e+00 5.601114590908703450e-01
1.086515774652538457e+00 5.522870966381400182e-01
1.101645949633657029e+00 5.445720350161604717e-01
1.116986818467822662e+00 5.369647473693353046e-01
1.132541315152811423e+00 5.294637281711639387e-01
1.148312414543511073e+00 5.220674929262909547e-01
1.164303132920876838e+00 5.147745778767153224e-01
1.180516528568805512e+00 5.075835397121037929e-01
1.196955702359042695e+00 5.004929552841520524e-01
1.213623798344240612e+00 4.935014213249331316e-01
1.230524004359261570e+00 4.866075541691864959e-01
1.247659552630869806e+00 4.798099894804793708e-01
1.265033720395903893e+00 4.731073819811976722e-01
1.282649830528059809e+00 4.664984051863087511e-01
1.300511252173408572e+00 4.599817511408391124e-01
1.318621401394748593e+00 4.535561301610267493e-01
1.336983741824946614e+00 4.472202705790825905e-01
1.355601785329368925e+00 4.409729184915203160e-01
1.374479092677536762e+00 4.348128375110024701e-01
1.393619274224142002e+00 4.287388085216504718e-01
1.413025990599533710e+00 4.227496294377763308e-01
1.432702953409831004e+00 4.168441149659826150e-01
1.452653925946781222e+00 4.110210963705849263e-01
1.472882723907501745e+00 4.052794212423135867e-01
1.493393216124251799e+00 3.996179532702430204e-01
1.514189325304351907e+00 3.940355720169121945e-01
1.535275028780422657e+00 3.885311726965814394e-01
1.556654359271061994e+00 3.831036659565894009e-01
1.578331405652118047e+00 3.777519776617641600e-01
1.600310313738700030e+00 3.724750486818454998e-01
1.622595287078087090e+00 3.672718346818755752e-01
1.645190587753662559e+00 3.621413059155214054e-01
1.668100537200059241e+00 3.570824470212803914e-01
1.691329517029648732e+00 3.520942568215346125e-01
1.714881969870539091e+00 3.471757481244124866e-01
1.738762400216250503e+00 3.423259475284161635e-01
1.762975375287205715e+00 3.375438952297822315e-01
1.787525525904235524e+00 3.328286448325291080e-01
1.812417547374237659e+00 3.281792631611601396e-01
1.837656200388170458e+00 3.235948300759835528e-01
1.863246311931559873e+00 3.190744382910095100e-01
1.889192776207666347e+00 3.146171931943952393e-01
1.915500555573527830e+00 3.102222126713949368e-01
1.942174681489026389e+00 3.058886269297841909e-01
1.969220255479171566e+00 3.016155783277233993e-01
1.996642450109793465e+00 2.974022212040242641e-01
2.024446509976803643e+00 2.932477217107906653e-01
2.052637752709252084e+00 2.891512576483933894e-01
2.081221569986339226e+00 2.851120183027529564e-01
2.110203428568594219e+00 2.811292042848949069e-01
2.139588871343421683e+00 2.772020273727441864e-01
2.169383518385184395e+00 2.733297103551339258e-01
2.199593068030074594e+00 2.695114868779895922e-01
2.230223297965938656e+00 2.657466012926625321e-01
2.261280066337277184e+00 2.620343085063842059e-01
2.292769312865648779e+00 2.583738738348058672e-01
2.324697059985648018e+00 2.547645728566025891e-01
2.357069413996727647e+00 2.512056912701045586e-01
2.389892566231050175e+00 2.476965247519327118e-01
2.423172794237598016e+00 2.442363788176103445e-01
2.456916462982789984e+00 2.408245686841180566e-01
2.491130026067788439e+00 2.374604191343740178e-01
2.525820026962784848e+00 2.341432643836029170e-01
2.560993100258459165e+00 2.308724479475736668e-01
2.596655972934869716e+00 2.276473225126773581e-01
2.632815465648020048e+00 2.244672498078197909e-01
2.669478494034320804e+00 2.213316004781048230e-01
2.706652070033241486e+00 2.182397539602805026e-01
2.744343303228365283e+00 2.151910983599262805e-01
2.782559402207125832e+00 2.121850303303556562e-01
2.821307675939470627e+00 2.092209549532103585e-01
2.860595535175741944e+00 2.062982856207217774e-01
2.900430493863991543e+00 2.034164439196192997e-01
2.940820170587063576e+00 2.005748595166578496e-01
2.981772290019673477e+00 1.977729700457459550e-01
3.023294684405776422e+00 1.950102209966504130e-01
3.065395295056526859e+00 1.922860656052548245e-01
3.108082173869064047e+00 1.895999647453527337e-01
3.151363484866479325e+00 1.869513868219507269e-01
3.195247505759213791e+00 1.843398076660630602e-01
3.239742629528195472e+00 1.817647104309754735e-01
3.284857366030043746e+00 1.792255854899576228e-01
3.330600343624588788e+00 1.767219303354060356e-01
3.376980310825091536e+00 1.742532494793943842e-01
3.424006137971425723e+00 1.718190543556134264e-01
3.471686818926559503e+00 1.694188632226812097e-01
3.520031472796679051e+00 1.670522010688031134e-01
3.569049345675229468e+00 1.647185995177649354e-01
3.618749812411280242e+00 1.624175967362380957e-01
3.669142378402494131e+00 1.601487373423802762e-01
3.720236681413065849e+00 1.579115723157127615e-01
3.772042493416997377e+00 1.557056589082560782e-01
3.824569722466999000e+00 1.535305605569085297e-01
3.877828414589457484e+00 1.513858467970473354e-01
3.931828755705770284e+00 1.492710931773370830e-01
3.986581073580438783e+00 1.471858811757286167e-01
4.042095839796306045e+00 1.451297981166305984e-01
4.098383671757261482e+00 1.431024370892393094e-01
4.155455334718875626e+00 1.411033968670080685e-01
4.213321743847289191e+00 1.391322818282425267e-01
4.271993966306776969e+00 1.371887018778046585e-01
4.331483223376398684e+00 1.352722723699102680e-01
4.391800892596085859e+00 1.333826140320062414e-01
4.452958509942654963e+00 1.315193528897096731e-01
4.514967772036102112e+00 1.296821201927962353e-01
4.577840538376616308e+00 1.278705523422225543e-01
4.641588833612777520e+00 1.260842908181674660e-01
4.706224849841281532e+00 1.243229821090793413e-01
4.771760948938745805e+00 1.225862776417137590e-01
4.838209664925956943e+00 1.208738337121490342e-01
4.905583706365045593e+00 1.191853114177651024e-01
4.973895958790062188e+00 1.175203765901724345e-01
5.043159487171358535e+00 1.158786997290787713e-01
5.113387538414325917e+00 1.142599559370787443e-01
5.184593543892913381e+00 1.126638248553547689e-01
5.256791122018424467e+00 1.110899906002762033e-01
5.329994080844087989e+00 1.095381417008844255e-01
5.404216420705915347e+00 1.080079710372500862e-01
5.479472336900286678e+00 1.064991757796933947e-01
5.555776222398877806e+00 1.050114573288516984e-01
5.633142670601357871e+00 1.035445212565849205e-01
5.711586478126428723e+00 1.020980772477068921e-01
5.791122647641758547e+00 1.006718390425297566e-01
5.871766390733255570e+00 9.926552438021196689e-02
5.953533130814370189e+00 9.787885494289712274e-02
6.036438506075869626e+00 9.651155630063315560e-02
6.120498372476696147e+00 9.516335785706106498e-02
6.205728806776500406e+00 9.383399279586215891e-02
6.292146109610343707e+00 9.252319802795402892e-02
6.379766808606282424e+00 9.123071413942314412e-02
6.468607661546327492e+00 8.995628534018573763e-02
6.558685659571428239e+00 8.869965941336534210e-02
6.650018030431118277e+00 8.746058766537719020e-02
6.742622241778342129e+00 8.623882487671109820e-02
6.836516004510238886e+00 8.503412925340039785e-02
6.931717276155407781e+00 8.384626237916992242e-02
7.028244264308345812e+00 8.267498916825198607e-02
7.126115430111745752e+00 8.152007781886103088e-02
7.225349491787214085e+00 8.038129976731953064e-02
7.325965428215230446e+00 7.925842964282341085e-02
7.427982482564917888e+00 7.815124522283982411e-02
7.531420165974368253e+00 7.705952738912831557e-02
7.636298261282241207e+00 7.598306008437565040e-02
7.742636826811269302e+00 7.492163026943714221e-02
7.850456200204509294e+00 7.387502788117492059e-02
7.959777002314985417e+00 7.284304579088513032e-02
8.070620141149499105e+00 7.182547976330591610e-02
8.183006815867390316e+00 7.082212841619807409e-02
8.296958520834905926e+00 6.983279318049057105e-02
8.412497049736117560e+00 6.885727826098224369e-02
8.529644499741024788e+00 6.789539059759301665e-02
8.648423275731717652e+00 6.694693982715620162e-02
8.768856094587427208e+00 6.601173824574411986e-02
8.890965989529158620e+00 6.508960077152105284e-02
9.014776314524917566e+00 6.418034490811390380e-02
9.140310748756231618e+00 6.328379070849544930e-02
9.267593301146883178e+00 6.239976073937164580e-02
9.396648314954690662e+00 6.152808004606652448e-02
9.527500472427290035e+00 6.066857611789758242e-02
9.660174799522645017e+00 5.982107885403518954e-02
9.794696670695396179e+00 5.898542052983831580e-02
9.931091813749800323e+00 5.816143576366106932e-02
1.006938631476027091e+01 5.734896148412270411e-02
1.020960662306046451e+01 5.654783689783449835e-02
1.035177955630176250e+01 5.575790345757834082e-02
1.049593230558227752e+01 5.497900483092901108e-02
1.064209244064724658e+01 5.421098686931501848e-02
1.079028791516183539e+01 5.345369757751195633e-02
1.094054707205742361e+01 5.270698708356144624e-02
1.109289864895222699e+01 5.197070760911087772e-02
1.124737178364751955e+01 5.124471344016712226e-02
1.140399601970033139e+01 5.052886089825880250e-02
1.156280131207375383e+01 4.982300831200166258e-02
1.172381803286598512e+01 4.912701598906072525e-02
1.188707697711903322e+01 4.844074618850459368e-02
1.205260936870842592e+01 4.776406309354563895e-02
1.222044686631488730e+01 4.709683278466109124e-02
1.239062156947915661e+01 4.643892321308951826e-02
1.256316602474120181e+01 4.579020417469758381e-02
1.273811323186478539e+01 4.515054728421209751e-02
1.291549665014884063e+01 4.451982594981156865e-02
1.309535020482667633e+01 4.389791534807312157e-02
1.327770829355429072e+01 4.328469239926920065e-02
1.346260579298909654e+01 4.268003574300913844e-02
1.365007806546013747e+01 4.208382571422159685e-02
1.384016096573131627e+01 4.149594431947195572e-02
1.403289084785873087e+01 4.091627521361065889e-02
1.422830457214351974e+01 4.034470367674804214e-02
1.442643951218157383e+01 3.978111659155028623e-02
1.462733356201129808e+01 3.922540242085319900e-02
1.483102514336104427e+01 3.867745118558813672e-02
1.503755321299738412e+01 3.813715444301651880e-02
1.524695727017573077e+01 3.760440526526850902e-02
1.545927736419476872e+01 3.707909821818114460e-02
1.567455410205595001e+01 3.656112934043252022e-02
1.589282865622977958e+01 3.605039612296714879e-02
1.611414277253019733e+01 3.554679748870882838e-02
1.633853877809861999e+01 3.505023377255685191e-02
1.656605958949913671e+01 3.456060670166183346e-02
1.679674872092653004e+01 3.407781937597673116e-02
1.703065029252844198e+01 3.360177624907997179e-02
1.726780903884355922e+01 3.313238310926617386e-02
1.750827031735725114e+01 3.266954706090109684e-02
1.775208011717634093e+01 3.221317650603705562e-02
1.799928506782476489e+01 3.176318112628510187e-02
1.824993244816152327e+01 3.131947186494064839e-02
1.850407019542302223e+01 3.088196090935843574e-02
1.876174691439121389e+01 3.045056167357407251e-02
1.902301188668943865e+01 3.002518878116803430e-02
1.928791508020777812e+01 2.960575804836918304e-02
1.955650715865949252e+01 2.919218646739445144e-02
1.982883949127071332e+01 2.878439219002093194e-02
2.010496416260498975e+01 2.473572282655222415e-03
2.038493398252462185e+01 2.473409153366654643e-03
2.066880249629081945e+01 2.473246034836278518e-03
2.095662399480432825e+01 2.473082927063384538e-03
2.124845352498882889e+01 2.472919830047263633e-03
2.154434690031884614e+01 2.476026239988803664e-03
2.184436071149426084e+01 2.482001655688351877e-03
2.214855233726359174e+01 2.487991491910675982e-03
2.245697995539773828e+01 2.493995783456947474e-03
2.276970255381679920e+01 2.500014565212325349e-03
2.308677994187169702e+01 2.506047872146157773e-03
2.340827276178291783e+01 2.511547836376639645e-03
2.373424250023866122e+01 2.515968832668044261e-03
2.406475150015424092e+01 2.520397611095993862e-03
2.439986297259550341e+01 2.524834185359136566e-03
2.473964100886814066e+01 2.529278569180223174e-03
2.508415059277538717e+01 2.533730776306168317e-03
2.543345761304648178e+01 2.538190820508084283e-03
2.578762887593800812e+01 2.542658715581317449e-03
2.614673211801092023e+01 2.547134475345504655e-03
2.651083601908538867e+01 2.552763030141022484e-03
2.688001021537604629e+01 2.558501209339611535e-03
2.725432531281027693e+01 2.564252286993768965e-03
2.763385290053169996e+01 2.344606383324530485e-03
2.801866556459195223e+01 2.110517315085079677e-03
2.840883690183304111e+01 1.899800055546206189e-03
2.880444153396297935e+01 1.784160772672075757e-03
2.920555512182745161e+01 1.703356104850293215e-03
2.961225437988034415e+01 1.626211081631052631e-03
3.002461709085549302e+01 1.552559957656106122e-03
3.044272212064302607e+01 1.482244494176923524e-03
3.086664943337274636e+01 1.415113619080246446e-03
3.129648010670750580e+01 1.351023102311060906e-03
3.173229634734976301e+01 1.289835245995675245e-03
3.217418150676371624e+01 1.231418588599143132e-03
3.262222009711669557e+01 1.175647622481384297e-03
3.307649780744242207e+01 1.122402524245192171e-03
3.353710152002928879e+01 1.072314272199819318e-03
3.400411932703705986e+01 1.026317470915340908e-03
3.447764054734464167e+01 9.962463318836274617e-04
3.495775574363275240e+01 9.690089923733248350e-04
3.544455673970435328e+01 9.425163207627750787e-04
3.593813663804625946e+01 9.167479578579137370e-04
3.643858983763544757e+01 8.916841010843175753e-04
3.694601205199302285e+01 8.673054892692541986e-04
3.746050032748993175e+01 8.435933878397711616e-04
3.798215306190736129e+01 8.246322011827625625e-04
3.851107002325569084e+01 8.063704150405564403e-04
3.904735236885559857e+01 7.885130429299925863e-04
3.959110266468458406e+01 7.710511289522510320e-04
4.014242490499322003e+01 7.539759155402128059e-04
4.070142453219438750e+01 7.372788390663351406e-04
4.126820845702951601e+01 7.209515255477846017e-04
4.184288507901580090e+01 7.049857864466810937e-04
4.242556430717777260e+01 6.893736145633615328e-04
4.301635758106795038e+01 6.741071800205674248e-04
4.361537789208005478e+01 6.591788263365787629e-04
4.422273980505897129e+01 6.445810665853054936e-04
4.483855948021186322e+01 6.327536913797358019e-04
4.546295469532399380e+01 6.213953311595436443e-04
4.609604486828433778e+01 6.102408612503031288e-04
4.673795107992463471e+01 5.992866216819060224e-04
4.738879609717650965e+01 5.885290181832016510e-04
4.804870439655129388e+01 5.779645210026563120e-04
4.871780218794631168e+01 5.675896637501844436e-04
4.939621743878320359e+01 5.574010422597673120e-04
5.008407989848212338e+01 5.473953134724850568e-04
5.078152112327670409e+01 5.403600049451438327e-04
5.148867450137492341e+01 5.334875145953334912e-04
5.220567527846975509e+01 5.267024310172610394e-04
5.293266058360561033e+01 5.200036425405765196e-04
5.366976945540476152e+01 5.133900516335499365e-04
5.441714286865892802e+01 5.068605747232475447e-04
5.517492376129123244e+01 5.004141420180033923e-04
5.594325706169377810e+01 4.948410078390958963e-04
5.672228971644543805e+01 4.896029257448100257e-04
5.751217071841613659e+01 4.844202907609942207e-04
5.831305113526224915e+01 4.792925159586905177e-04
5.912508413831875487e+01 4.537211175452887440e-04
5.994842503189408944e+01 4.277636865607160519e-04
6.078323128297230227e+01 4.032912828258428356e-04
6.162966255132942450e+01 3.802189477816476362e-04
6.248788072006894367e+01 3.584665833568557070e-04
6.335804992658247414e+01 3.379586738989460515e-04
6.424033659394190465e+01 3.186240240135041206e-04
6.513490946272803228e+01 3.003955114018295883e-04
6.604193962330305112e+01 2.832098538387118974e-04
6.696160054853221766e+01 2.670073894814396537e-04
6.789406812696105931e+01 2.517318697473529612e-04
6.883952069645496863e+01 2.373302640408869800e-04
6.979813907830660469e+01 2.237525756522110610e-04
7.077010661181888906e+01 2.109516681883152184e-04
7.175560918936928090e+01 1.988831019339969012e-04
7.275483529196225163e+01 1.875049795746517667e-04
7.376797602527730646e+01 1.767778007452755658e-04
7.479522515621820844e+01 1.666643249007398455e-04
7.583677914997190328e+01 1.571294420312654516e-04
7.689283720758312768e+01 1.481400507742806688e-04
7.796360130405228972e+01 1.396649434995121978e-04
7.904927622696420997e+01 1.316746979683661547e-04
8.015006961565404708e+01 1.241415751914939653e-04
8.126619200091946027e+01 1.170394231299300760e-04
8.239785684528519027e+01 1.103435859055008846e-04
8.354528058382862810e+01 1.040308182053150700e-04
8.470868266557401682e+01 9.807920458317964175e-05
8.588828559546249153e+01 9.246808337779393672e-05
8.708431497690723688e+01 8.717797498358806861e-05
8.829699955494092478e+01 8.219051422519519159e-05
8.952657125996391585e+01 7.748838660078735403e-05
9.077326525210223451e+01 7.305526817293490601e-05
9.203731996618220990e+01 6.887576889831911297e-05
9.331897715733238385e+01 6.493537919955433952e-05
9.461848194722001892e+01 6.122041959364346749e-05
9.593608287093147169e+01 5.771799320219396040e-05
9.727203192450537017e+01 5.441594097852963318e-05
9.862658461312820180e+01 5.130279949626266850e-05
1.000000000000000000e+02 4.859860243337283157e-05
1.013925407558814271e+02 4.662099372526229190e-05
1.028044732093309790e+02 4.472385926963139873e-05
1.042360673976401131e+02 4.290392435127257274e-05
1.056875971184805110e+02 4.115804751200478916e-05
1.071593399822671131e+02 3.948321512808680717e-05
1.086515774652537232e+02 3.787653620828546351e-05
1.101645949633656869e+02 3.633523740362800981e-05
1.116986818467822644e+02 3.485665822022058347e-05
1.132541315152812587e+02 3.343824642686790547e-05
1.148312414543511153e+02 3.207755364957293567e-05
1.164303132920875612e+02 3.077223114530445129e-05
1.180516528568805512e+02 2.952002574774422323e-05
1.196955702359042846e+02 2.831877597801221900e-05
1.213623798344241749e+02 2.716640831365523635e-05
1.230524004359261596e+02 2.606093360946336689e-05
1.247659552630868518e+02 2.500044366392999734e-05
1.265033720395903742e+02 2.398310792543413724e-05
1.282649830528060022e+02 2.300717033245669484e-05
1.300511252173409957e+02 2.207094628237551073e-05
1.318621401394748602e+02 2.117281972361067225e-05
1.336983741824945184e+02 2.031124036609577711e-05
1.355601785329369022e+02 1.948472100526453077e-05
1.374479092677536585e+02 1.869183495493122874e-05
1.393619274224143396e+02 1.793121358463317628e-05
1.413025990599533657e+02 1.720154395718703300e-05
1.432702953409829547e+02 1.650156656237785393e-05
1.452653925946781328e+02 1.583007314287122129e-05
1.472882723907501656e+02 1.518590460859520109e-05
1.493393216124253229e+02 1.456794903599059995e-05
1.514189325304351996e+02 1.397513974867860131e-05
1.535275028780421280e+02 1.340645347622995387e-05
1.556654359271062162e+02 1.286090858785948930e-05
1.578331405652116359e+02 1.233756339799659984e-05
1.600310313738701780e+02 1.183551454080574626e-05
1.622595287078087267e+02 1.135389541085326617e-05
1.645190587753660907e+02 1.089187466722668080e-05
1.668100537200059250e+02 1.044865479852593646e-05
1.691329517029647036e+02 1.002347074624923289e-05
1.714881969870540956e+02 9.615588584196267682e-06
1.738762400216250512e+02 9.224304251611069257e-06
1.762975375287203974e+02 8.848942337875864936e-06
1.787525525904235337e+02 8.488854916659474112e-06
1.812417547374235767e+02 8.143420427507484880e-06
1.837656200388172465e+02 7.812042602942978990e-06
1.863246311931559944e+02 7.494149439227177881e-06
1.889192776207664508e+02 7.189192209001970763e-06
1.915500555573527777e+02 6.896644514111023649e-06
1.942174681489024408e+02 6.616001376964287472e-06
1.969220255479173431e+02 6.346778368876856383e-06
1.996642450109793288e+02 6.088510773878693591e-06
2.024446509976801849e+02 5.840752786550667648e-06
2.052637752709252084e+02 5.603076742503087063e-06
2.081221569986337272e+02 5.375072380168243374e-06
2.110203428568596564e+02 5.156346132632219599e-06
2.139588871343421488e+02 4.946520448284482417e-06
2.169383518385182015e+02 4.745233139111642270e-06
2.199593068030074789e+02 4.552136755511132323e-06
2.230223297965936240e+02 4.366897986545485579e-06
2.261280066337279493e+02 4.189197084601572607e-06
2.292769312865648885e+02 4.018727313462419460e-06
2.324697059985650185e+02 3.855194418838096570e-06
2.357069413996727860e+02 3.698316120442464441e-06
2.389892566231047795e+02 3.547821624738403330e-06
2.423172794237600556e+02 3.403451157510964858e-06
2.456916462982790108e+02 3.264955515461371400e-06
2.491130026067791050e+02 3.132095636047699701e-06
2.525820026962784652e+02 3.004642184830150441e-06
2.560993100258456820e+02 2.882375159608125102e-06
2.596655972934872239e+02 2.765083510666199574e-06
2.632815465648019995e+02 2.652564776473315596e-06
2.669478494034323717e+02 2.544624734206180841e-06
2.706652070033241557e+02 2.441077064494100188e-06
2.744343303228362743e+02 2.341743029805946429e-06
2.782559402207126027e+02 2.246451165924652710e-06
2.821307675939470982e+02 2.155036985976405717e-06
2.860595535175744999e+02 2.067342696503557667e-06
2.900430493863991614e+02 1.983216925091525096e-06
2.940820170587060716e+02 1.902514459079047056e-06
2.981772290019673619e+02 1.825095994901200471e-06
3.023294684405776138e+02 1.750827897632301529e-06
3.065395295056529790e+02 1.679581970313545983e-06
3.108082173869063922e+02 1.611235232667514514e-06
3.151363484866475915e+02 1.545669708817188902e-06
3.195247505759213595e+02 1.482772223643398762e-06
3.239742629528195721e+02 1.422434207429007180e-06
3.284857366030046819e+02 1.364551508452570224e-06
3.330600343624588504e+02 1.309024213208212704e-06
3.376980310825088054e+02 1.255756473941074020e-06
3.424006137971425687e+02 1.204656343200954978e-06
3.471686818926559681e+02 1.155635615128354204e-06
3.520031472796682692e+02 1.108609673198971325e-06
3.569049345675229574e+02 1.063497344164006504e-06
3.618749812411276707e+02 1.020220757933884535e-06
3.669142378402493705e+02 9.787052131638155431e-07
3.720236681413065867e+02 9.388790483089834724e-07
3.772042493417001197e+02 9.006735179268253340e-07
3.824569722466999337e+02 8.640226740129785457e-07
3.877828414589453132e+02 8.288632521659063478e-07
3.931828755705770391e+02 7.951345623838574699e-07
3.986581073580438783e+02 7.627783843055726078e-07
4.042095839796310202e+02 7.317388667138994607e-07
4.098383671757261482e+02 7.019624311289407529e-07
4.155455334718870972e+02 6.733976793241888699e-07
4.213321743847288872e+02 6.459953046061322767e-07
4.271993966306776542e+02 6.197080067041183734e-07
4.331483223376403089e+02 5.944904101235532317e-07
4.391800892596086214e+02 5.702989858215818195e-07
4.452958509942650949e+02 5.470919760699404951e-07
4.514967772036101792e+02 5.248293223753867885e-07
4.577840538376616450e+02 5.034725963332283084e-07
4.641588833612781855e+02 4.829849332945885847e-07
4.706224849841281639e+02 4.633309687329727326e-07
4.771760948938741080e+02 4.444767772002046300e-07
4.838209664925957441e+02 4.263898137664465554e-07
4.905583706365045487e+02 4.090388578431728046e-07
4.973895958790067766e+02 3.923939592921214901e-07
5.043159487171358819e+02 3.764263867272530744e-07
5.113387538414320943e+02 3.611085779204048026e-07
5.184593543892913203e+02 3.464140922251018748e-07
5.256791122018419173e+02 3.323175649363639055e-07
5.329994080844093105e+02 3.187946635077203220e-07
5.404216420705914743e+02 3.058220455499021818e-07
5.479472336900281562e+02 2.933773185386501244e-07
5.555776222398877735e+02 2.814390011621442217e-07
5.633142670601351938e+02 2.699864862413038668e-07
5.711586478126434940e+02 2.590000051589508625e-07
5.791122647641758476e+02 2.484605937364675362e-07
5.871766390733249636e+02 2.383500594990022921e-07
5.953533130814370224e+02 2.286509502727609717e-07
6.036438506075863870e+02 2.193465240601535328e-07
6.120498372476703253e+02 2.104207201407938881e-07
6.205728806776500051e+02 2.018581313484962797e-07
6.292146109610337135e+02 1.936439774763759413e-07
6.379766808606282211e+02 1.857640797641832422e-07
6.468607661546320742e+02 1.782048364238126843e-07
6.558685659571435735e+02 1.709531991607380174e-07
6.650018030431118632e+02 1.639966506508683061e-07
6.742622241778335592e+02 1.573231829339155357e-07
6.836516004510237963e+02 1.509212766860071935e-07
6.931717276155400214e+02 1.447798813357480531e-07
7.028244264308352740e+02 1.388883959894078793e-07
7.126115430111744899e+02 1.332366511323264997e-07
7.225349491787206944e+02 1.278148910749251845e-07
7.325965428215230304e+02 1.226137571130474596e-07
7.427982482564910924e+02 1.176242713735480797e-07
7.531420165974375323e+02 1.128378213172439417e-07
7.636298261282241810e+02 1.082461448724915894e-07
7.742636826811277615e+02 1.038413161737085951e-07
7.850456200204508832e+02 9.961573188024389189e-08
7.959777002314978063e+02 9.556209805196153110e-08
8.070620141149507845e+02 9.167341755889590362e-08
8.183006815867389605e+02 8.794297800324664586e-08
8.296958520834915589e+02 8.436434013284997369e-08
8.412497049736118697e+02 8.093132672614833900e-08
8.529644499741016261e+02 7.763801192945255874e-08
8.648423275731726108e+02 7.447871102810256657e-08
8.768856094587426924e+02 7.144797063387098094e-08
8.890965989529166791e+02 6.854055927165943390e-08
9.014776314524917780e+02 6.575145834925664320e-08
9.140310748756222665e+02 6.307585349455492788e-08
9.267593301146882823e+02 6.050912624528115043e-08
9.396648314954691159e+02 5.804684607689806557e-08
9.527500472427300338e+02 5.568476275490498084e-08
9.660174799522645799e+02 5.341879899835149741e-08
9.794696670695385592e+02 5.124504344188724556e-08
9.931091813749800394e+02 4.915974388420682674e-08
1.006938631476027126e+03 4.769257069317477009e-08
1.020960662306047539e+03 4.718857459019399216e-08
1.035177955630176257e+03 4.668990451741315198e-08
1.049593230558226651e+03 4.619650419146502880e-08
1.064209244064724544e+03 4.570831792376263103e-08
1.079028791516183674e+03 4.522529061421407938e-08
1.094054707205743625e+03 4.474736774500294322e-08
1.109289864895222763e+03 4.427449537443575059e-08
1.124737178364750889e+03 4.380662013085309846e-08
1.140399601970033018e+03 4.334368920660605072e-08
1.156280131207375462e+03 4.288565035209612321e-08
1.172381803286599734e+03 4.243245186987747271e-08
1.188707697711903393e+03 4.198404260882260017e-08
1.205260936870841306e+03 4.154037195834853078e-08
1.222044686631488730e+03 4.110138984270476788e-08
1.239062156947915582e+03 4.066704671532167073e-08
1.256316602474121510e+03 4.023729355321768793e-08
1.273811323186478376e+03 3.981208185146696829e-08
1.291549665014882748e+03 3.939136361772414647e-08
1.309535020482667733e+03 3.897509136680786512e-08
1.327770829355428987e+03 3.856321811534150473e-08
1.346260579298911125e+03 3.815569737644974494e-08
1.365007806546013853e+03 3.775248315451238653e-08
1.384016096573130199e+03 3.735352993997239025e-08
1.403289084785873229e+03 3.695879270419960792e-08
1.422830457214352009e+03 3.656822689440875022e-08
1.442643951218158918e+03 3.618178842863034034e-08
1.462733356201129936e+03 3.579943369073589090e-08
1.483102514336102786e+03 3.542111952551452501e-08
1.503755321299738398e+03 3.504680323380271544e-08
1.524695727017573063e+03 3.467644256766444883e-08
1.545927736419478606e+03 3.430999572562333673e-08
1.567455410205594944e+03 3.394742134794409287e-08
1.589282865622976260e+03 3.358867851196491176e-08
1.611414277253019918e+03 3.323372672747812823e-08
1.633853877809860251e+03 3.288252593216073270e-08
1.656605958949915248e+03 3.253503648705214838e-08
1.679674872092653231e+03 3.219121917208079872e-08
1.703065029252842578e+03 3.185103518163703023e-08
1.726780903884355894e+03 3.151444612019342271e-08
1.750827031735723267e+03 3.118141399797138856e-08
1.775208011717636055e+03 3.085190122665296919e-08
1.799928506782476461e+03 3.052587061513880806e-08
1.824993244816150536e+03 3.020328536535011636e-08
1.850407019542302123e+03 2.988410906807555800e-08
1.876174691439119442e+03 2.956830569886201154e-08
1.902301188668945770e+03 2.925583961394821649e-08
1.928791508020777655e+03 2.894667554624221712e-08
1.955650715865947177e+03 2.864077860134048298e-08
1.982883949127071446e+03 2.833811425358963586e-08
2.010496416260496972e+03 2.803864834218984673e-08
2.038493398252464203e+03 2.774234706733878112e-08
2.066880249629081845e+03 2.744917698641720134e-08
2.095662399480430850e+03 2.715910501021397550e-08
2.124845352498882676e+03 2.687209839919158873e-08
2.154434690031882383e+03 2.658812475979110082e-08
2.184436071149428244e+03 2.630715204077557455e-08
2.214855233726359074e+03 2.602914852961301666e-08
2.245697995539771910e+03 2.575408284889662143e-08
2.276970255381680090e+03 2.548192395280375604e-08
2.308677994187167315e+03 2.521264112359150731e-08
2.340827276178294142e+03 2.494620396812985863e-08
2.373424250023866080e+03 2.468258241447139176e-08
2.406475150015421605e+03 2.442174670845705048e-08
2.439986297259550156e+03 2.416366741035779718e-08
2.473964100886811593e+03 2.390831539155192436e-08
2.508415059277541332e+03 2.365566183123750796e-08
2.543345761304648022e+03 2.340567821317938724e-08
2.578762887593803498e+03 2.315833632249047272e-08
2.614673211801092293e+03 2.291360824244756731e-08
2.651083601908536366e+03 2.267146635134014897e-08
2.688001021537607357e+03 2.243188331935293878e-08
2.725432531281027877e+03 2.219483210548139733e-08
2.763385290053172866e+03 2.196028595447939190e-08
2.801866556459195181e+03 2.172821839383974234e-08
2.840883690183301042e+03 2.149860323080606755e-08
2.880444153396297679e+03 2.127141454941660406e-08
2.920555512182745133e+03 2.104662670757928547e-08
2.961225437988037356e+03 2.082421433417729523e-08
3.002461709085549501e+03 2.060415232620585702e-08
3.044272212064299765e+03 2.038641584593862500e-08
3.086664943337274508e+03 2.017098031812445476e-08
3.129648010670750409e+03 1.995782142721380714e-08
3.173229634734979300e+03 1.974691511461402402e-08
3.217418150676371624e+03 1.953823757597423698e-08
3.262222009711666487e+03 1.933176525849836041e-08
3.307649780744242435e+03 1.912747485828689371e-08
3.353710152002928680e+03 1.892534331770677805e-08
3.400411932703709681e+03 1.872534782278868586e-08
3.447764054734464025e+03 1.852746580065239800e-08
3.495775574363271517e+03 1.833167491695878635e-08
3.544455673970435782e+03 1.813795307338913644e-08
3.593813663804625776e+03 1.794627840515107546e-08
3.643858983763548167e+03 1.775662927851050355e-08
3.694601205199302512e+03 1.756898428835016691e-08
3.746050032748988997e+03 1.738332225575341690e-08
3.798215306190736101e+03 1.719962222561411470e-08
3.851107002325568828e+03 1.701786346427119580e-08
3.904735236885564063e+03 1.683802545716881104e-08
3.959110266468458576e+03 1.666008790654064434e-08
4.014242490499317682e+03 1.648403072911922133e-08
4.070142453219438721e+03 1.630983405386891167e-08
4.126820845702951374e+03 1.613747821974340932e-08
4.184288507901585035e+03 1.596694377346639705e-08
4.242556430717777403e+03 1.579821146733615946e-08
4.301635758106790490e+03 1.563126225705294014e-08
4.361537789208005961e+03 1.546607729956955918e-08
4.422273980505897271e+03 1.530263795096475499e-08
4.483855948021190670e+03 1.514092576433867800e-08
4.546295469532399693e+03 1.498092248773110203e-08
4.609604486828428890e+03 1.482261006206115068e-08
4.673795107992463272e+03 1.466597061908913253e-08
4.738879609717650965e+03 1.451098647939988976e-08
4.804870439655133850e+03 1.435764015040716529e-08
4.871780218794630855e+03 1.420591432437951315e-08
4.939621743878316011e+03 1.405579187648660868e-08
5.008407989848212310e+03 1.390725586286652780e-08
5.078152112327670693e+03 1.376028951871341132e-08
5.148867450137498054e+03 1.361487625638508581e-08
5.220567527846975281e+03 1.347099966353109098e-08
5.293266058360555689e+03 1.332864350124006645e-08
5.366976945540475754e+03 1.318779170220700570e-08
5.441714286865887516e+03 1.304842836891986773e-08
5.517492376129128388e+03 1.291053777186508151e-08
5.594325706169377554e+03 1.277410434775242300e-08
5.672228971644537523e+03 1.263911269775821588e-08
5.751217071841613688e+03 1.250554758578752929e-08
5.831305113526218520e+03 1.237339393675433868e-08
5.912508413831881626e+03 1.224263683488013438e-08
5.994842503189408490e+03 1.211326152201046015e-08
6.078323128297223775e+03 1.198525339594916667e-08
6.162966255132942024e+03 1.185859800881024586e-08
6.248788072006887887e+03 1.173328106538720482e-08
6.335804992658254378e+03 1.160928842153964671e-08
6.424033659394191091e+03 1.148660608259682043e-08
6.513490946272796464e+03 1.136522020177803985e-08
6.604193962330305112e+03 1.124511707862988322e-08
6.696160054853215115e+03 1.112628315747993779e-08
6.789406812696112866e+03 1.100870502590664640e-08
6.883952069645496522e+03 1.089236941322567946e-08
6.979813907830653079e+03 1.077726318899194726e-08
7.077010661181889191e+03 1.066337336151767607e-08
7.175560918936920643e+03 1.055068707640614623e-08
7.275483529196232666e+03 1.043919161510069484e-08
7.376797602527730305e+03 1.032887439344939365e-08
7.479522515621813909e+03 1.021972296028455333e-08
7.583677914997190783e+03 1.011172499601747426e-08
7.689283720758305208e+03 1.000486831124802708e-08
7.796360130405237214e+03 9.899140845388707206e-09
7.904927622696420258e+03 9.794530665303661366e-09
8.015006961565412894e+03 9.691025963961461815e-09
8.126619200091945459e+03 9.588615059102832710e-09
8.239785684528511410e+03 9.487286391921963737e-09
8.354528058382871677e+03 9.387028525761784896e-09
8.470868266557401512e+03 9.287830144823379459e-09
8.588828559546258475e+03 9.189680052888656631e-09
8.708431497690724427e+03 9.092567172056733899e-09
8.829699955494083042e+03 8.996480541493468252e-09
8.952657125996400282e+03 8.901992423962965873e-09
9.077326525210222826e+03 8.841742275825884435e-09
9.203731996618229459e+03 8.781899910596004986e-09
9.331897715733239238e+03 8.722462568331576042e-09
9.461848194721991604e+03 8.663427507770586130e-09
9.593608287093147737e+03 8.604792006204334189e-09
9.727203192450537244e+03 8.546553359351858596e-09
9.862658461312830696e+03 8.488708881235183435e-09
1.000000000000000000e+04 8.431255904055577245e-09
