#Constraints from AMS-02, due to electron + positron production through evaporation.
#Solid black line in Fig. 2a of https://arxiv.org/abs/2403.04988
#Columns: M_PBH [Msun], f_PBH
1.589084251340894508e-19  6.545887722515961342e-11
1.636434404069610241e-19  6.962455474489822316e-11
1.685195455535477718e-19  7.421321960032356219e-11
1.735409446473976783e-19  7.925128080002753001e-11
1.787119670313948665e-19  8.479074964612027429e-11
1.840370710504205035e-19  9.094207799606896209e-11
1.895208478952486810e-19  9.791115100039200591e-11
1.951680255609662019e-19  1.060649034719033857e-10
2.009834729233549267e-19  1.155822136815359698e-10
2.069722039367292801e-19  1.243317247304259800e-10
2.131393819568585508e-19  1.325147826873564551e-10
2.194903241927072057e-19  1.419675041852284952e-10
2.260305062908120498e-19  1.540072669387028654e-10
2.327655670562746730e-19  1.678543954451222548e-10
2.397013133144109160e-19  1.813524061037337532e-10
2.468437249172794515e-19  1.936116519041313838e-10
2.541989598993741939e-19  2.063703195617183891e-10
2.617733597869570470e-19  2.224056763434555710e-10
2.695734550655832164e-19  2.425721144210760723e-10
2.776059708105429085e-19  2.641785409528886684e-10
2.858778324850846070e-19  2.839158178229071868e-10
2.943961719113931570e-19  3.018836636106506780e-10
3.031683334195027836e-19  3.221898564167767824e-10
3.122018801794123669e-19  3.482900759952413449e-10
3.215046007218968810e-19  3.790650765735002325e-10
3.310845156536087644e-19  4.096062267460460598e-10
3.409498845722693041e-19  4.372536392111697005e-10
3.511092131879263387e-19  4.653258737855689553e-10
3.615712606563843928e-19  5.001746095150153233e-10
3.723450471311734525e-19  5.442579490771878046e-10
3.834398615405196114e-19  5.920101910447177652e-10
3.948652695960734578e-19  6.356528636189547748e-10
4.066311220402487610e-19  6.746859707646368777e-10
4.187475631393335069e-19  7.180140455586015942e-10
4.312250394296542135e-19  7.740885735236072238e-10
4.440743087243509240e-19  8.417961227400968999e-10
4.573064493885461847e-19  9.101929642134957989e-10
4.709328698908594047e-19  9.719340005886926610e-10
4.849653186395597932e-19  1.033145779856706586e-09
4.994158941117771278e-19  1.108118303608083840e-09
5.142970552845638599e-19  1.203372265246676436e-09
5.296216323767527196e-19  1.307607266366975636e-09
5.454028379108900121e-19  1.403084484044180705e-09
5.616542781048055928e-19  1.487664798165039490e-09
5.783899646025845672e-19  1.580311142327002379e-09
5.956243265551265701e-19  1.700756584465757145e-09
6.133722230606301533e-19  1.849103096985467757e-09
6.316489559758107896e-19  2.001383444840729177e-09
6.504702831088129632e-19  2.138614163736304768e-09
6.698524318052738949e-19  2.271555403580974621e-09
6.898121129391863487e-19  2.432037297851725692e-09
7.103665353206476567e-19  2.636710978925494772e-09
7.315334205329475435e-19  2.863128397743511387e-09
7.533310182117157097e-19  3.072207554897694352e-09
7.757781217793899732e-19  3.257034683134840849e-09
7.988940846484792552e-19  3.457304030690595315e-09
8.226988369076839736e-19  3.718408649491913582e-09
8.472129025051817699e-19  4.045674840766866119e-09
8.724574169439278752e-19  4.387836946304924933e-09
8.984541455042565095e-19  4.697716719714192199e-09
9.252255020094116581e-19  4.992201715666617903e-09
9.527945681502958744e-19  5.341908688112591358e-09
9.811851133859808469e-19  5.789182402478188447e-09
1.010421615437250796e-18  6.293252141497584005e-09
1.040529281390761767e-18  6.769484570552596731e-09
1.071534069432037658e-18  7.194140548946593663e-09
1.103462711226092354e-18  7.646806396356234737e-09
1.136342734964865044e-18  8.232553701010700569e-09
1.170202489101474902e-18  8.974062643672474401e-09
1.205071166791612138e-18  9.763822201477617725e-09
1.240978831063292459e-18  1.048869660151433581e-08
1.277956440736516068e-18  1.117136690547848079e-08
1.316035877115336277e-18  1.196969947010954978e-08
1.355249971475221626e-18  1.299749457133735568e-08
1.395632533369464401e-18  1.419032181794510769e-08
1.437218379779090994e-18  1.535922801844971297e-08
1.480043365131273647e-18  1.642862825717512596e-08
1.524144412212297947e-18  1.756204904817918550e-08
1.569559544001550073e-18  1.901266195971788346e-08
1.616327916454166876e-18  2.086487666869437427e-08
1.664489852260410154e-18  2.289692229958909625e-08
1.714086875611075468e-18  2.483178351313193468e-08
1.765161747998739853e-18  2.668888212100553906e-08
1.817758505085786166e-18  2.884787593962755280e-08
1.871922494671057602e-18  3.164631612511184761e-08
1.927700415787701975e-18  3.502167734432043539e-08
1.985140358966139083e-18  3.853802653738088173e-08
2.044291847696626486e-18  4.196398938065730552e-08
2.105205881127406011e-18  4.567463795997161259e-08
2.167934978035059504e-18  5.038764479855562375e-08
2.232533222105043123e-18  5.647777695177130348e-08
2.299056308561548190e-18  6.351339927079304427e-08
2.367561592186660882e-18  7.078063120205554238e-08
2.438108136770500191e-18  7.830659938752241956e-08
2.510756766034678041e-18  8.726813204606773976e-08
2.585570116073282431e-18  9.901208717411652747e-08
2.662612689356344419e-18  1.138857595198658799e-07
2.741950910342461567e-18  1.308493931328991572e-07
2.823653182748611301e-18  1.491949001439753134e-07
2.907789948526293524e-18  1.703157361688965662e-07
2.994433748595160562e-18  1.974463494680344627e-07
3.083659285386152283e-18  2.332804378900830316e-07
3.175543487248420650e-18  2.773492231992809311e-07
3.270165574775270120e-18  3.274285463856600640e-07
3.367607129106412634e-18  3.844632746921892441e-07
3.467952162265588122e-18  4.554344820215091859e-07
3.571287189593809034e-18  5.501313572495887028e-07
3.677701304341160174e-18  6.752376141230652883e-07
3.787286254480972643e-18  8.288338964173998788e-07
3.900136521813082982e-18  1.008623917996872238e-06
4.016349403423900570e-18  1.225746334518887212e-06
4.136025095573995686e-18  1.508507810027379066e-06
4.259266780085044677e-18  1.887321183385212153e-06
4.386180713301107903e-18  2.370346676709852897e-06
4.516876317700520379e-18  2.946821994047506107e-06
4.651466276237563943e-18  3.629606305769348006e-06
4.790066629495426285e-18  4.493577436251192224e-06
4.932796875733752576e-18  5.660313482095014470e-06
5.079780073917658363e-18  7.243802614731573416e-06
5.231142949816338144e-18  9.282959411631331068e-06
5.387016005263571740e-18  1.180948963045744019e-05
5.547533630673344244e-18  1.502480130994907427e-05
5.712834220908541594e-18  1.942895175921949911e-05
5.883060294601968772e-18  2.570729197210268709e-05
6.058358617033037603e-18  3.444966667476305120e-05
6.238880326665377735e-18  4.613627121549387716e-05
6.424781065455329861e-18  6.174070092390243061e-05
6.616221113043251610e-18  8.361977785151673208e-05
6.813365524942903000e-18  1.159757791573799458e-04
7.016384274848979337e-18  1.644955052323617147e-04
7.225452401184682116e-18  2.347195020000389636e-04
7.440750158016342223e-18  3.329213385619916670e-04
7.662463170464267587e-18  4.715516990242194341e-04
7.890782594744912302e-18  6.773524808532645301e-04
8.125905282981894050e-18  9.942913887913068863e-04
8.368033952927279306e-18  1.479272226187274431e-03
8.617377362740762713e-18  2.202095527082070965e-03
8.874150490976345316e-18  3.277817311223291206e-03
9.138574721932533572e-18  4.943683525796460122e-03
9.410878036524706426e-18  7.659364416124970522e-03
9.691295208845694925e-18  1.219838892884455260e-02
9.980068008582802007e-18  1.966118182312763876e-02
1.027744540946679483e-17  3.166820145227339234e-02
1.058368380393123384e-17  5.114690564954300217e-02
1.089904722416879817e-17  8.441419941617994693e-02
1.122380756977444251e-17  1.428199124936330999e-01
1.155824484217090103e-17  2.456621802660001741e-01
1.190264738602026505e-17  4.286644676722528025e-01
1.225731213782840049e-17  7.590397770385882703e-01
1.262254488195764601e-17  1.366318416880417885e+00
