#Fig. 4 of https://arxiv.org/abs/1612.07738
4.932811997621845e-19 2.8520372714766877e-7
7.050277269892595e-19 8.583328774762014e-7
9.341472996891383e-19 0.000001876017064189116
1.424718656178649e-18 0.000007502765088162194
2.293742293359784e-18 0.00003848171554298538
3.022759619038287e-18 0.00012000255087784792
4.9461769793341766e-18 0.0008781699470666177
7.243643670901643e-18 0.004922666346395677
1.1505278846669014e-17 0.042271557598505156
1.3030203636206309e-17 0.07204117300442565
2.2264792549713296e-17 0.30934018674727515
3.507788977645107e-17 0.8075973552453112
