# PBH constraints from COMPTEL observations of the galactic center.
# From https://arxiv.org/abs/2010.04797.
# Columns: PBH mass [Msun], f_PBH
5.030181086519114655e-19 4.095257944439259750e-06
5.643956007555157085e-19 3.398839457379067416e-06
6.332622795745302197e-19 2.833343084893055267e-06
7.105319640959534434e-19 2.375409929713359787e-06
7.972299760870779323e-19 2.007420315519852220e-06
8.945067454924157725e-19 1.718952898109224264e-06
1.003653075940081892e-18 1.508318575753898460e-06
1.126117272921699033e-18 1.387217432355476811e-06
1.263524361926349100e-18 1.385231220473794075e-06
1.417697651541473388e-18 1.552378370918793841e-06
1.590682927650090037e-18 1.974057555413698681e-06
1.784775599766479049e-18 2.849716882259805806e-06
2.002551159725839834e-18 4.737358122273128395e-06
2.246899356896194271e-18 6.909578107568343204e-06
2.521062543396737756e-18 8.634595429775020458e-06
2.828678698140588956e-18 1.319511845517826975e-05
3.173829700604599019e-18 1.597727909365953943e-05
3.561095494890026517e-18 2.096953750146969599e-05
3.995614862798199967e-18 3.449001638304553813e-05
4.483153612342776721e-18 5.341766651010743431e-05
5.030181086519114462e-18 7.072008557612509839e-05
5.643956007555156700e-18 1.127056168722464255e-04
6.332622795745328775e-18 1.709995055916481855e-04
7.105319640959503619e-18 2.140887023071347034e-04
7.972299760870779131e-18 3.258701476331418451e-04
8.945067454924158111e-18 6.130217693713803503e-04
1.003653075940081738e-17 1.013070607167054294e-03
1.126117272921703617e-17 1.412003686507688153e-03
1.263524361926343978e-17 2.354461325111141968e-03
1.417697651541473426e-17 4.763505059220147358e-03
1.590682927650090152e-17 6.497639501333132492e-03
1.784775599766479126e-17 9.684100823491598869e-03
2.002551159725847769e-17 1.393038523723444735e-02
2.246899356896185566e-17 1.604648662121345437e-02
2.521062543396737448e-17 2.193207021985706107e-02
2.828678698140589033e-17 3.628954031258106033e-02
3.173829700604599019e-17 6.452702124332627964e-02
3.561095494890040846e-17 8.151816433852936139e-02
3.995614862798183327e-17 1.233736452028827008e-01
4.483153612342776721e-17 2.273915605898558234e-01
5.030181086519114770e-17 5.096509502061019603e-01
5.643956007555156700e-17 1.327105333234530837e+00
6.332622795745328929e-17 3.751913978029968622e+00
7.105319640959503619e-17 1.101545408682238580e+01
7.972299760870780055e-17 3.585135132996253304e+01
8.945067454924159343e-17 1.493538388069274561e+02
1.003653075940081954e-16 7.579220961656103555e+02
1.126117272921703586e-16 4.218210658522594713e+03
1.263524361926344070e-16 3.077662806813152929e+04
1.417697651541473180e-16 2.861023229239404900e+05
1.590682927650090214e-16 3.347211206692751031e+06
1.784775599766479064e-16 5.417860840061391145e+07
2.002551159725847769e-16 1.225558524677286148e+09
2.246899356896185258e-16 3.868155095516042328e+10
2.521062543396737756e-16 1.916496339413969238e+12
2.828678698140588664e-16 1.502767063003709688e+14
3.173829700604599266e-16 1.921394690952941600e+16
3.561095494890041709e-16 4.586929421040680448e+18
3.995614862798183574e-16 1.945932105146756497e+21
4.483153612342777090e-16 1.708658858189095803e+24
5.030181086519114400e-16 2.858816687791830087e+27
