# Envelope of bounds: WideBinaries, UFdwarfs
#  Columns: PBH mass [Muns], PBH fraction f_PBH
1.000000000000000082e-05 1.000000000000000000e+10
1.023316578330244899e-05 1.000000000000000000e+10
1.047176819485520245e-05 1.000000000000000000e+10
1.071593399822671096e-05 1.000000000000000000e+10
1.096579291267809966e-05 1.000000000000000000e+10
1.122147768207980256e-05 1.000000000000000000e+10
1.148312414543511069e-05 1.000000000000000000e+10
1.175087130904807549e-05 1.000000000000000000e+10
1.202486142037412267e-05 1.000000000000000000e+10
1.230524004359261647e-05 1.000000000000000000e+10
1.259215613694150976e-05 1.000000000000000000e+10
1.288576213185518003e-05 1.000000000000000000e+10
1.318621401394748594e-05 1.000000000000000000e+10
1.349367140588306531e-05 1.000000000000000000e+10
1.380829765218092365e-05 1.000000000000000000e+10
1.413025990599533632e-05 1.000000000000000000e+10
1.445972921792019565e-05 1.000000000000000000e+10
1.479688062686396383e-05 1.000000000000000000e+10
1.514189325304351951e-05 1.000000000000000000e+10
1.549495039314631713e-05 1.000000000000000000e+10
1.585623961771137294e-05 1.000000000000000000e+10
1.622595287078087002e-05 1.000000000000000000e+10
1.660428657187529514e-05 1.000000000000000000e+10
1.699144172034626135e-05 1.000000000000000000e+10
1.738762400216250392e-05 1.000000000000000000e+10
1.779304389918577364e-05 1.000000000000000000e+10
1.820791680099462562e-05 1.000000000000000000e+10
1.863246311931559903e-05 1.000000000000000000e+10
1.906690840512252017e-05 1.000000000000000000e+10
1.951148346846616547e-05 1.000000000000000000e+10
1.996642450109793374e-05 1.000000000000000000e+10
2.043197320195270527e-05 1.000000000000000000e+10
2.090837690555749843e-05 1.000000000000000000e+10
2.139588871343421495e-05 1.000000000000000000e+10
2.189476762856620837e-05 1.000000000000000000e+10
2.240527869300018224e-05 1.000000000000000000e+10
2.292769312865648647e-05 1.000000000000000000e+10
2.346228848142262524e-05 1.000000000000000000e+10
2.400934876860651764e-05 1.000000000000000000e+10
2.456916462982790237e-05 1.000000000000000000e+10
2.514203348142796490e-05 1.000000000000000000e+10
2.572825967447932223e-05 1.000000000000000000e+10
2.632815465648020122e-05 1.000000000000000000e+10
2.694203713681882141e-05 1.000000000000000000e+10
2.757023325609582679e-05 1.000000000000000000e+10
2.821307675939470740e-05 1.000000000000000000e+10
2.887090917359234806e-05 1.000000000000000000e+10
2.954407998880379912e-05 1.000000000000000000e+10
3.023294684405776334e-05 1.000000000000000000e+10
3.093787571730136646e-05 1.000000000000000000e+10
3.165924111983520818e-05 1.000000000000000000e+10
3.239742629528195378e-05 1.000000000000000000e+10
3.315282342319423014e-05 1.000000000000000000e+10
3.392583382740992125e-05 1.000000000000000000e+10
3.471686818926559409e-05 1.000000000000000000e+10
3.552634676578139125e-05 1.000000000000000000e+10
3.635469961293317630e-05 1.000000000000000000e+10
3.720236681413065894e-05 1.000000000000000000e+10
3.806979871402284228e-05 1.000000000000000000e+10
3.895745615775500812e-05 1.000000000000000000e+10
3.986581073580438997e-05 1.000000000000000000e+10
4.079534503452448896e-05 1.000000000000000000e+10
4.174655289253134888e-05 1.000000000000000000e+10
4.271993966306776293e-05 1.000000000000000000e+10
4.371602248248502334e-05 1.000000000000000000e+10
4.473533054498463085e-05 1.000000000000000000e+10
4.577840538376616169e-05 1.000000000000000000e+10
4.684580115873045137e-05 1.000000000000000000e+10
4.793808495089106934e-05 1.000000000000000000e+10
4.905583706365045348e-05 1.000000000000000000e+10
5.019965133110079395e-05 1.000000000000000000e+10
5.137013543351338728e-05 1.000000000000000000e+10
5.256791122018419400e-05 1.000000000000000000e+10
5.379361503980697789e-05 1.000000000000000000e+10
5.504789807854967469e-05 1.000000000000000000e+10
5.633142670601352036e-05 1.000000000000000000e+10
5.764488282925873171e-05 1.000000000000000000e+10
5.898896425508493637e-05 1.000000000000000000e+10
6.036438506075863543e-05 1.000000000000000000e+10
6.177187597338488134e-05 1.000000000000000000e+10
6.321218475812448011e-05 1.000000000000000000e+10
6.468607661546321112e-05 1.000000000000000000e+10
6.619433458774387382e-05 1.000000000000000000e+10
6.773775997517745325e-05 1.000000000000000000e+10
6.931717276155400522e-05 1.000000000000000000e+10
7.093341204987990039e-05 1.000000000000000000e+10
7.258733650817245705e-05 1.000000000000000000e+10
7.427982482564910469e-05 1.000000000000000000e+10
7.601177617955322144e-05 1.000000000000000000e+10
7.778411071286481921e-05 1.000000000000000000e+10
7.959777002314977982e-05 1.000000000000000000e+10
8.145371766280736284e-05 1.000000000000000000e+10
8.335293965098187206e-05 1.000000000000000000e+10
8.529644499741016815e-05 1.000000000000000000e+10
8.728526623848370818e-05 1.000000000000000000e+10
8.932045998580959297e-05 1.000000000000000000e+10
9.140310748756223216e-05 1.000000000000000000e+10
9.353431520292376886e-05 1.000000000000000000e+10
9.571521538991856182e-05 1.000000000000000000e+10
9.794696670695385331e-05 1.000000000000000000e+10
1.002307548283865436e-04 1.000000000000000000e+10
1.025677930744421868e-04 1.000000000000000000e+10
1.049593230558227707e-04 1.000000000000000000e+10
1.074066153333433420e-04 1.000000000000000000e+10
1.099109700929497193e-04 1.000000000000000000e+10
1.124737178364751899e-04 1.000000000000000000e+10
1.150962200885032326e-04 1.000000000000000000e+10
1.177798701197119304e-04 1.000000000000000000e+10
1.205260936870842587e-04 1.000000000000000000e+10
1.233363497913775981e-04 1.000000000000000000e+10
1.262121314522547384e-04 1.000000000000000000e+10
1.291549665014884106e-04 1.000000000000000000e+10
1.321664183946605190e-04 1.000000000000000000e+10
1.352480870417875451e-04 1.000000000000000000e+10
1.384016096573131502e-04 1.000000000000000000e+10
1.416286616299198848e-04 1.000000000000000000e+10
1.449309574126216591e-04 1.000000000000000000e+10
1.483102514336104446e-04 1.000000000000000000e+10
1.517683390283405451e-04 1.000000000000000000e+10
1.553070573933459984e-04 1.000000000000000000e+10
1.589282865622978103e-04 1.000000000000000000e+10
1.626339504048192157e-04 1.000000000000000000e+10
1.664260176485903616e-04 1.000000000000000000e+10
1.703065029252844313e-04 1.000000000000000000e+10
1.742774678408919205e-04 1.000000000000000000e+10
1.783410220710008080e-04 1.000000000000000000e+10
1.824993244816152445e-04 1.000000000000000000e+10
1.867545842761076063e-04 1.000000000000000000e+10
1.911090621689137778e-04 1.000000000000000000e+10
1.955650715865949168e-04 1.000000000000000000e+10
2.001249798969037010e-04 1.000000000000000000e+10
2.047912096665085318e-04 1.000000000000000000e+10
2.095662399480432926e-04 1.000000000000000000e+10
2.144526075971667385e-04 1.000000000000000000e+10
2.194529086203313715e-04 1.000000000000000000e+10
2.245697995539773994e-04 1.000000000000000000e+10
2.298059988758851082e-04 1.000000000000000000e+10
2.351642884494348565e-04 1.000000000000000000e+10
2.406475150015424170e-04 1.000000000000000000e+10
2.462585916350546540e-04 1.000000000000000000e+10
2.520004993764092018e-04 1.000000000000000000e+10
2.578762887593801043e-04 1.000000000000000000e+10
2.638890814457510296e-04 1.000000000000000000e+10
2.700420718837772652e-04 1.000000000000000000e+10
2.763385290053169780e-04 1.000000000000000000e+10
2.827817979625341181e-04 1.000000000000000000e+10
2.893753019050950264e-04 1.000000000000000000e+10
2.961225437988034676e-04 1.000000000000000000e+10
3.030271082866396216e-04 1.000000000000000000e+10
3.100926635931926419e-04 1.000000000000000000e+10
3.173229634734976343e-04 1.000000000000000000e+10
3.247218492073128513e-04 1.000000000000000000e+10
3.322932516398971773e-04 1.000000000000000000e+10
3.400411932703705929e-04 1.000000000000000000e+10
3.479697903887691386e-04 1.000000000000000000e+10
3.560832552629278054e-04 1.000000000000000000e+10
3.643858983763544296e-04 1.000000000000000000e+10
3.728821307182833642e-04 1.000000000000000000e+10
3.815764661271248614e-04 1.000000000000000000e+10
3.904735236885560211e-04 1.000000000000000000e+10
3.995780301895269734e-04 1.000000000000000000e+10
4.088948226294864268e-04 1.000000000000000000e+10
4.184288507901584705e-04 1.000000000000000000e+10
4.281851798652415507e-04 1.000000000000000000e+10
4.381689931514194582e-04 1.000000000000000000e+10
4.483855948021190545e-04 1.000000000000000000e+10
4.588404126454761296e-04 1.000000000000000000e+10
4.695390010680062978e-04 1.000000000000000000e+10
4.804870439655133953e-04 1.000000000000000000e+10
4.916903577628031373e-04 1.000000000000000000e+10
5.031548945038056761e-04 1.000000000000000000e+10
5.148867450137497919e-04 1.000000000000000000e+10
5.268921421350676549e-04 1.000000000000000000e+10
5.391774640387505179e-04 1.000000000000000000e+10
5.517492376129128854e-04 1.000000000000000000e+10
5.646141419303672649e-04 1.000000000000000000e+10
5.777790117970506940e-04 1.000000000000000000e+10
5.912508413831881436e-04 1.000000000000000000e+10
6.050367879391224625e-04 1.000000000000000000e+10
6.191441755977847598e-04 1.000000000000000000e+10
6.335804992658254208e-04 1.000000000000000000e+10
6.483534286054726779e-04 1.000000000000000000e+10
6.634708121092351002e-04 1.000000000000000000e+10
6.789406812696112013e-04 1.000000000000000000e+10
6.947712548460240100e-04 1.000000000000000000e+10
7.109709432312438749e-04 1.000000000000000000e+10
7.275483529196232748e-04 1.000000000000000000e+10
7.445122910795143496e-04 1.000000000000000000e+10
7.618717702322999347e-04 1.000000000000000000e+10
7.796360130405237399e-04 1.000000000000000000e+10
7.978144572076628855e-04 1.000000000000000000e+10
8.164167604921471590e-04 1.000000000000000000e+10
8.354528058382871408e-04 1.000000000000000000e+10
8.549327066268385105e-04 1.000000000000000000e+10
8.748668120479914266e-04 1.000000000000000000e+10
8.952657125996401179e-04 1.000000000000000000e+10
9.161402457138521178e-04 1.000000000000000000e+10
9.375015015145289968e-04 1.000000000000000000e+10
9.593608287093146345e-04 1.000000000000000000e+10
9.817298406188841586e-04 1.000000000000000000e+10
1.004620421346813248e-03 1.000000000000000000e+10
1.028044732093309679e-03 1.000000000000000000e+10
1.052015217616159145e-03 1.000000000000000000e+10
1.076544612842315982e-03 1.000000000000000000e+10
1.101645949633656921e-03 1.000000000000000000e+10
1.127332563710487130e-03 1.000000000000000000e+10
1.153618101736478534e-03 1.000000000000000000e+10
1.180516528568805639e-03 1.000000000000000000e+10
1.208042134677328851e-03 1.000000000000000000e+10
1.236209543736769200e-03 1.000000000000000000e+10
1.265033720395903781e-03 1.000000000000000000e+10
1.294529978227915981e-03 1.000000000000000000e+10
1.324713987866117399e-03 1.000000000000000000e+10
1.355601785329368925e-03 1.000000000000000000e+10
1.387209780541621062e-03 1.000000000000000000e+10
1.419554766050101563e-03 1.000000000000000000e+10
1.452653925946781202e-03 1.000000000000000000e+10
1.486524844997857194e-03 1.000000000000000000e+10
1.521185517986104949e-03 1.000000000000000000e+10
1.556654359271062099e-03 1.000000000000000000e+10
1.592950212572122977e-03 1.000000000000000000e+10
1.630092360979741193e-03 1.000000000000000000e+10
1.668100537200059227e-03 1.000000000000000000e+10
1.706994934038407906e-03 1.000000000000000000e+10
1.746796215127245774e-03 1.000000000000000000e+10
1.787525525904235402e-03 1.000000000000000000e+10
1.829204504846293749e-03 1.000000000000000000e+10
1.871855294965579265e-03 1.000000000000000000e+10
1.915500555573527823e-03 1.000000000000000000e+10
1.960163474319185500e-03 1.000000000000000000e+10
2.005867779508234156e-03 1.000000000000000000e+10
2.052637752709252084e-03 1.000000000000000000e+10
2.100498241653915316e-03 1.000000000000000000e+10
2.149474673437980470e-03 1.000000000000000000e+10
2.199593068030074750e-03 1.000000000000000000e+10
2.250880052095461867e-03 1.000000000000000000e+10
2.303362873142131284e-03 1.000000000000000000e+10
2.357069413996727789e-03 1.000000000000000000e+10
2.412028207618007077e-03 1.000000000000000000e+10
2.468268452255692556e-03 1.000000000000000000e+10
2.525820026962784671e-03 1.000000000000000000e+10
2.584713507469563968e-03 1.000000000000000000e+10
2.644980182427719966e-03 1.000000000000000000e+10
2.706652070033241288e-03 1.000000000000000000e+10
2.769761935036890721e-03 1.000000000000000000e+10
2.834343306151309184e-03 1.000000000000000000e+10
2.900430493863991651e-03 1.000000000000000000e+10
2.968058608665602276e-03 1.000000000000000000e+10
3.037263579703311511e-03 1.000000000000000000e+10
3.108082173869063970e-03 1.000000000000000000e+10
3.180552015332919948e-03 1.000000000000000000e+10
3.254711605531848163e-03 1.000000000000000000e+10
3.330600343624588386e-03 1.000000000000000000e+10
3.408258547423452002e-03 1.000000000000000000e+10
3.487727474814177487e-03 1.000000000000000000e+10
3.569049345675229679e-03 1.000000000000000000e+10
3.652267364308175480e-03 1.000000000000000000e+10
3.737425742391064371e-03 1.000000000000000000e+10
3.824569722466999305e-03 1.000000000000000000e+10
3.913745601980383668e-03 1.000000000000000000e+10
4.005000757873610970e-03 1.000000000000000000e+10
4.098383671757261509e-03 1.000000000000000000e+10
4.193943955667186335e-03 1.000000000000000000e+10
4.291732378422157684e-03 1.000000000000000000e+10
4.391800892596085977e-03 1.000000000000000000e+10
4.494202662119141725e-03 1.000000000000000000e+10
4.598992090522438167e-03 1.000000000000000000e+10
4.706224849841281720e-03 1.000000000000000000e+10
4.815957910192351227e-03 1.000000000000000000e+10
4.928249570040513054e-03 1.000000000000000000e+10
5.043159487171358993e-03 1.000000000000000000e+10
5.160748710385907809e-03 1.000000000000000000e+10
5.281079711934331088e-03 1.000000000000000000e+10
5.404216420705915298e-03 1.000000000000000000e+10
5.530224256192900478e-03 1.000000000000000000e+10
5.659170163246242738e-03 1.000000000000000000e+10
5.791122647641758041e-03 1.000000000000000000e+10
5.926151812475552276e-03 1.000000000000000000e+10
6.064329395408061575e-03 1.000000000000000000e+10
6.205728806776500406e-03 1.000000000000000000e+10
6.350425168595961664e-03 1.000000000000000000e+10
6.498495354469888304e-03 1.000000000000000000e+10
6.650018030431118291e-03 1.000000000000000000e+10
6.805073696735206880e-03 1.000000000000000000e+10
6.963744730628221996e-03 1.000000000000000000e+10
7.126115430111745405e-03 1.000000000000000000e+10
7.292272058728312828e-03 1.000000000000000000e+10
7.462302891391108146e-03 1.000000000000000000e+10
7.636298261282242067e-03 1.000000000000000000e+10
7.814350607844541483e-03 1.000000000000000000e+10
7.996554525892346499e-03 1.000000000000000000e+10
8.183006815867388886e-03 1.000000000000000000e+10
8.373806535266490117e-03 1.000000000000000000e+10
8.569055051268347975e-03 1.000000000000000000e+10
8.768856094587426653e-03 1.000000000000000000e+10
8.973315814583519498e-03 1.000000000000000000e+10
9.182542835656282154e-03 1.000000000000000000e+10
9.396648314954691300e-03 1.000000000000000000e+10
9.615746001432095430e-03 1.000000000000000000e+10
9.839952296278226679e-03 1.000000000000000000e+10
1.006938631476027128e-02 1.000000000000000000e+10
1.030416994950587514e-02 1.000000000000000000e+10
1.054442793526168438e-02 1.000000000000000000e+10
1.079028791516183604e-02 1.000000000000000000e+10
1.104188050854160164e-02 1.000000000000000000e+10
1.129933938033221737e-02 1.000000000000000000e+10
1.156280131207375328e-02 1.000000000000000000e+10
1.183240627458377950e-02 1.000000000000000000e+10
1.210829750232039412e-02 1.000000000000000000e+10
1.239062156947915577e-02 1.000000000000000000e+10
1.267952846786433996e-02 1.000000000000000000e+10
1.297517168657586796e-02 1.000000000000000000e+10
1.327770829355429116e-02 1.000000000000000000e+10
1.358729901902709127e-02 1.000000000000000000e+10
1.390410834090069665e-02 1.000000000000000000e+10
1.422830457214351897e-02 1.000000000000000000e+10
1.456005995020648487e-02 1.000000000000000000e+10
1.489955072852853710e-02 1.000000000000000000e+10
1.524695727017572923e-02 1.000000000000000000e+10
1.560246414366367983e-02 1.000000000000000000e+10
1.596626022101425152e-02 1.000000000000000000e+10
1.633853877809861993e-02 1.000000000000000000e+10
1.671949759731990170e-02 1.000000000000000000e+10
1.710933907269015022e-02 1.000000000000000000e+10
1.750827031735725098e-02 1.000000000000000000e+10
1.791650327363901452e-02 1.000000000000000000e+10
1.833425482562290806e-02 1.000000000000000000e+10
1.876174691439121481e-02 1.000000000000000000e+10
1.919920665593284614e-02 1.000000000000000000e+10
1.964686646180446514e-02 1.000000000000000000e+10
2.010496416260499145e-02 1.000000000000000000e+10
2.057374313432913659e-02 1.000000000000000000e+10
2.105345242766706176e-02 1.000000000000000000e+10
2.154434690031884619e-02 1.000000000000000000e+10
2.204668735239409885e-02 1.000000000000000000e+10
2.256074066496861416e-02 1.000000000000000000e+10
2.308677994187169694e-02 1.000000000000000000e+10
2.362508465477947475e-02 1.000000000000000000e+10
2.417594079169130966e-02 1.000000000000000000e+10
2.473964100886814205e-02 1.000000000000000000e+10
2.531648478631355614e-02 1.000000000000000000e+10
2.590677858688008803e-02 1.000000000000000000e+10
2.651083601908538895e-02 1.000000000000000000e+10
2.712897800372467139e-02 1.000000000000000000e+10
2.776153294436800936e-02 1.000000000000000000e+10
2.840883690183304208e-02 1.000000000000000000e+10
2.907123377272578454e-02 1.000000000000000000e+10
2.974907547214440673e-02 1.000000000000000000e+10
3.044272212064302874e-02 1.000000000000000000e+10
3.115254223555487950e-02 1.000000000000000000e+10
3.187891292677645649e-02 1.000000000000000000e+10
3.262222009711669701e-02 1.000000000000000000e+10
3.338285864731761060e-02 1.000000000000000000e+10
3.416123268585528200e-02 1.000000000000000000e+10
3.495775574363275268e-02 1.000000000000000000e+10
3.577285099367873145e-02 1.000000000000000000e+10
3.660695147596902677e-02 1.000000000000000000e+10
3.746050032748993175e-02 1.000000000000000000e+10
3.833395101766601254e-02 1.000000000000000000e+10
3.922776758927719321e-02 1.000000000000000000e+10
4.014242490499322219e-02 1.000000000000000000e+10
4.107840889965647113e-02 1.000000000000000000e+10
4.203621683844713935e-02 1.000000000000000000e+10
4.301635758106794882e-02 1.000000000000000000e+10
4.401935185208874501e-02 1.000000000000000000e+10
4.504573251759458330e-02 1.000000000000000000e+10
4.609604486828433600e-02 1.000000000000000000e+10
4.717084690917017209e-02 1.000000000000000000e+10
4.827070965603182801e-02 1.000000000000000000e+10
4.939621743878321036e-02 1.000000000000000000e+10
5.054796821191240297e-02 1.000000000000000000e+10
5.172657387216018920e-02 1.000000000000000000e+10
5.293266058360561466e-02 1.000000000000000000e+10
5.416686911033152113e-02 1.000000000000000000e+10
5.542985515684668851e-02 1.000000000000000000e+10
5.672228971644543288e-02 1.000000000000000000e+10
5.804485942768977669e-02 1.000000000000000000e+10
5.939826693920356032e-02 1.000000000000000000e+10
6.078323128297229844e-02 1.000000000000000000e+10
6.220048825634711537e-02 1.000000000000000000e+10
6.365079081295571539e-02 1.000000000000000000e+10
6.513490946272802729e-02 1.000000000000000000e+10
6.665363268124913088e-02 1.000000000000000000e+10
6.820776732865685421e-02 1.000000000000000000e+10
6.979813907830660635e-02 1.000000000000000000e+10
7.142559285543126357e-02 1.000000000000000000e+10
7.309099328602911005e-02 1.000000000000000000e+10
7.479522515621821188e-02 1.000000000000000000e+10
7.653919388230147336e-02 1.000000000000000000e+10
7.832382599179196769e-02 1.000000000000000000e+10
8.015006961565404597e-02 1.000000000000000000e+10
8.201889499202202893e-02 1.000000000000000000e+10
8.393129498166364277e-02 1.000000000000000000e+10
8.588828559546249353e-02 1.000000000000000000e+10
8.789090653419955046e-02 1.000000000000000000e+10
8.994022174092043687e-02 1.000000000000000000e+10
9.203731996618221001e-02 1.000000000000000000e+10
9.418331534647951531e-02 1.000000000000000000e+10
9.637934799615785475e-02 1.000000000000000000e+10
9.862658461312820424e-02 1.000000000000000000e+10
1.009262190987048335e-01 1.000000000000000000e+10
1.032794731918952463e-01 1.000000000000000000e+10
1.056875971184805113e-01 1.000000000000000000e+10
1.081518702552289185e-01 1.000000000000000000e+10
1.106736018095974550e-01 1.000000000000000000e+10
1.132541315152812700e-01 1.000000000000000000e+10
1.158948303439811811e-01 1.000000000000000000e+10
1.185971012337670577e-01 1.000000000000000000e+10
1.213623798344241750e-01 1.000000000000000000e+10
1.241921352701784581e-01 1.000000000000000000e+10
1.270878709202059587e-01 1.000000000000000000e+10
1.300511252173409960e-01 1.000000000000000000e+10
1.330834724654076096e-01 1.000000000000000000e+10
1.361865236756082675e-01 1.000000000000000000e+10
1.393619274224143501e-01 1.000000000000000000e+10
1.426113707194129887e-01 1.000000000000000000e+10
1.459365799155757648e-01 1.000000000000000000e+10
1.493393216124253298e-01 1.000000000000000000e+10
1.528214036025870859e-01 1.000000000000000000e+10
1.563846758302247786e-01 1.000000000000000000e+10
1.600310313738701751e-01 1.000000000000000000e+10
1.637624074521689121e-01 1.000000000000000000e+10
1.675807864530768909e-01 1.000000000000000000e+10
1.714881969870540868e-01 1.000000000000000000e+10
1.754867149648152158e-01 1.000000000000000000e+10
1.795784647002096890e-01 1.000000000000000000e+10
1.837656200388172456e-01 1.000000000000000000e+10
1.880504055128583429e-01 1.000000000000000000e+10
1.924350975230332272e-01 1.000000000000000000e+10
1.969220255479173509e-01 1.000000000000000000e+10
2.015135733815558439e-01 1.000000000000000000e+10
2.062121803999144576e-01 1.000000000000000000e+10
2.110203428568596662e-01 1.000000000000000000e+10
2.159406152103567622e-01 1.000000000000000000e+10
2.209756114795903281e-01 1.000000000000000000e+10
2.261280066337279515e-01 1.000000000000000000e+10
2.314005380130653988e-01 1.000000000000000000e+10
2.367960067833078663e-01 1.000000000000000000e+10
2.423172794237600791e-01 1.000000000000000000e+10
2.479672892502160220e-01 1.000000000000000000e+10
2.537490379733571833e-01 1.000000000000000000e+10
2.596655972934872603e-01 1.000000000000000000e+10
2.657201105324506485e-01 1.000000000000000000e+10
2.719157943036019098e-01 1.000000000000000000e+10
2.782559402207125943e-01 1.000000000000000000e+10
2.847439166467247706e-01 1.000000000000000000e+10
2.913831704832788860e-01 1.000000000000000000e+10
2.981772290019673588e-01 1.000000000000000000e+10
3.051297017182870719e-01 1.000000000000000000e+10
3.122442823092858033e-01 1.000000000000000000e+10
3.195247505759213347e-01 1.000000000000000000e+10
3.269749744511767919e-01 1.000000000000000000e+10
3.345989120549974771e-01 1.000000000000000000e+10
3.424006137971425390e-01 1.000000000000000000e+10
3.503842245290675894e-01 1.000000000000000000e+10
3.585539857459816848e-01 1.000000000000000000e+10
3.669142378402494020e-01 1.000000000000000000e+10
3.754694224073336639e-01 1.000000000000000000e+10
3.842240846055061110e-01 1.000000000000000000e+10
3.931828755705770173e-01 1.000000000000000000e+10
4.023505548869293347e-01 1.000000000000000000e+10
4.117319931161679269e-01 1.000000000000000000e+10
4.213321743847289191e-01 1.000000000000000000e+10
4.311561990318228399e-01 1.000000000000000000e+10
4.412092863191189873e-01 1.000000000000000000e+10
4.514967772036102001e-01 1.000000000000000000e+10
4.620241371751312998e-01 1.000000000000000000e+10
4.727969591600390542e-01 1.000000000000000000e+10
4.838209664925957054e-01 1.000000000000000000e+10
4.951020159556351330e-01 1.000000000000000000e+10
5.066461008921268050e-01 1.000000000000000000e+10
5.184593543892912493e-01 1.000000000000000000e+10
5.305480525369574707e-01 1.000000000000000000e+10
5.429186177618943177e-01 1.000000000000000000e+10
5.555776222398878250e-01 1.000000000000000000e+10
5.685317913873753071e-01 1.000000000000000000e+10
5.817880074344935482e-01 1.000000000000000000e+10
5.953533130814370189e-01 1.000000000000000000e+10
6.092349152400711176e-01 1.000000000000000000e+10
6.234401888627864041e-01 1.000000000000000000e+10
6.379766808606281980e-01 1.000000000000000000e+10
6.528521141127847649e-01 1.000000000000000000e+10
6.680743915695614987e-01 1.000000000000000000e+10
6.836516004510237998e-01 1.000000000000000000e+10
6.995920165435374205e-01 1.000000000000000000e+10
7.159041085964887863e-01 1.000000000000000000e+10
7.325965428215229780e-01 1.000000000000000000e+10
7.496781874966876869e-01 1.000000000000000000e+10
7.671581176779301847e-01 1.000000000000000000e+10
7.850456200204509738e-01 1.000000000000000000e+10
8.033501977124734017e-01 1.000000000000000000e+10
8.220815755240540312e-01 1.000000000000000000e+10
8.412497049736118448e-01 1.000000000000000000e+10
8.608647696149244188e-01 1.000000000000000000e+10
8.809371904473990433e-01 1.000000000000000000e+10
9.014776314524917122e-01 1.000000000000000000e+10
9.224970052592174063e-01 1.000000000000000000e+10
9.440064789417603741e-01 1.000000000000000000e+10
9.660174799522646127e-01 1.000000000000000000e+10
9.885417021919573610e-01 1.000000000000000000e+10
1.011591112223829692e+00 1.000000000000000000e+10
1.035177955630176339e+00 1.000000000000000000e+10
1.059314763518369951e+00 1.000000000000000000e+10
1.084014359178330889e+00 1.000000000000000000e+10
1.109289864895222744e+00 1.000000000000000000e+10
1.135154708920999012e+00 1.000000000000000000e+10
1.161622632608501959e+00 1.000000000000000000e+10
1.188707697711903322e+00 1.000000000000000000e+10
1.216424293857367944e+00 1.000000000000000000e+10
1.244787146187906091e+00 1.000000000000000000e+10
1.273811323186478495e+00 1.000000000000000000e+10
1.303512244681508836e+00 1.000000000000000000e+10
1.333905690039058678e+00 1.000000000000000000e+10
1.365007806546013835e+00 1.000000000000000000e+10
1.396835117988739716e+00 1.000000000000000000e+10
1.429404533431761104e+00 1.000000000000000000e+10
1.462733356201129986e+00 1.000000000000000000e+10
1.496839293077255606e+00 1.000000000000000000e+10
1.531740463702079724e+00 1.000000000000000000e+10
1.567455410205595090e+00 1.000000000000000000e+10
1.604003107056819921e+00 1.000000000000000000e+10
1.641402971144466427e+00 1.000000000000000000e+10
1.679674872092653093e+00 1.000000000000000000e+10
1.718839142817145671e+00 1.000000000000000000e+10
1.758916590327732621e+00 1.000000000000000000e+10
1.799928506782476401e+00 1.000000000000000000e+10
1.841896680799710806e+00 1.000000000000000000e+10
1.884843409033795325e+00 1.000000000000000000e+10
1.928791508020777812e+00 1.000000000000000000e+10
1.973764326300255334e+00 1.000000000000000000e+10
2.019785756819878486e+00 1.000000000000000000e+10
2.066880249629082122e+00 1.000000000000000000e+10
2.115072824868794665e+00 1.000000000000000000e+10
2.164389086064020251e+00 1.000000000000000000e+10
2.214855233726359174e+00 1.000000000000000000e+10
2.266498079273692845e+00 1.000000000000000000e+10
2.319345059274427356e+00 1.000000000000000000e+10
2.373424250023866033e+00 1.000000000000000000e+10
2.428764382460450566e+00 1.000000000000000000e+10
2.485394857429798599e+00 1.000000000000000000e+10
2.543345761304648178e+00 1.000000000000000000e+10
2.602647881969004651e+00 1.000000000000000000e+10
2.663332725174980542e+00 1.000000000000000000e+10
2.725432531281027693e+00 1.009835507778680475e+00
2.788980292380439430e+00 1.002756381658388873e+00
2.854009769829237264e+00 9.957268814684999692e-01
2.920555512182744895e+00 9.887466593224344402e-01
2.988652873550382782e+00 9.818153697723600581e-01
3.058338032378431492e+00 9.749326697920950302e-01
3.129648010670750491e+00 9.680982187601321343e-01
3.202620693657650008e+00 9.613116784427812034e-01
3.277294849923381825e+00 9.545727129774304043e-01
3.353710152002928879e+00 9.478809888559240893e-01
3.431907197459042713e+00 9.412361749080585538e-01
3.511927530450727808e+00 9.346379422851913699e-01
3.593813663804625858e+00 9.280859644439678480e-01
3.677609101601030606e+00 9.215799171301599646e-01
3.763358362286532532e+00 9.151194783626196427e-01
3.851107002325568907e+00 9.087043284173433877e-01
3.940901640403447814e+00 9.003461756484957279e-01
4.032789982193705214e+00 8.756113783708685538e-01
4.126820845702951601e+00 8.515561088270316992e-01
4.223044187206672184e+00 8.281616986634182664e-01
4.321511127789761986e+00 8.054099923935708061e-01
4.422273980505896596e+00 7.832833333083792926e-01
4.525386278170167031e+00 7.617645497733994686e-01
4.630902801799736679e+00 7.408369419026196168e-01
4.738879609717651320e+00 7.253617498672838559e-01
4.849374067335233462e+00 7.124803925632806623e-01
4.962444877628913176e+00 6.998277892100115416e-01
5.078152112327670942e+00 6.873998774739237261e-01
5.196557243827657047e+00 6.751926671625312348e-01
5.317723177850966820e+00 6.632022389432947751e-01
5.441714286865887651e+00 6.514247430852536658e-01
5.568596444286408875e+00 6.398563982230039970e-01
5.698437059469136479e+00 6.284934901426274534e-01
5.831305113526219053e+00 6.173323705891792246e-01
5.967271195973310682e+00 6.063694560953539758e-01
6.106407542232036079e+00 5.936667253269614086e-01
6.248788072006887795e+00 5.801051940586087197e-01
6.394488428556936555e+00 5.668534580381557886e-01
6.543586018883228661e+00 5.539044404028411472e-01
6.696160054853215193e+00 5.412512259514746793e-01
6.852291595284057735e+00 5.288870574514925593e-01
7.012063589007176745e+00 5.168053320303731546e-01
7.175560918936921162e+00 5.049995976494858763e-01
7.342870447166758296e+00 4.934635496584903191e-01
7.514081061116962168e+00 4.821910274284457176e-01
7.689283720758305130e+00 4.711760110618328223e-01
7.868571506936843818e+00 4.616400432387036123e-01
8.052039670825470452e+00 4.531995065649042087e-01
8.239785684528511567e+00 4.449132950203589787e-01
8.431909292866251349e+00 4.367785869544503763e-01
8.628512566366886460e+00 4.287926123070711637e-01
8.829699955494083596e+00 4.209526516653538941e-01
9.035578346138921191e+00 4.132560353376465434e-01
9.246257116405733001e+00 4.057001424444194315e-01
9.461848194721993011e+00 3.982824000257941255e-01
9.682466119303114738e+00 3.910002821653893457e-01
9.908228099003787648e+00 3.838513091301875568e-01
1.013925407558814307e+01 3.768330465261265916e-01
1.037566678745184845e+01 3.699431044691315895e-01
1.061759183482999092e+01 3.631791367713027019e-01
1.086515774652537303e+01 3.565388401419828934e-01
1.111849604819269821e+01 3.500199534034331705e-01
1.137774133221490303e+01 3.439149210372808296e-01
1.164303132920875683e+01 3.383238778946930925e-01
1.191450698119774820e+01 3.328237286375116399e-01
1.219231251649109460e+01 3.274129955990124907e-01
1.247659552630868518e+01 3.220902251349780920e-01
1.276750704319264429e+01 3.168539872331621043e-01
1.306520162124719953e+01 3.117028751291033295e-01
1.336983741824945149e+01 3.066355049281851430e-01
1.368157627967470447e+01 3.016505152338391227e-01
1.400058382468096063e+01 2.967465667817933972e-01
1.432702953409829405e+01 2.919223420802662394e-01
1.466108684046982980e+01 2.871765450560100352e-01
1.500293322019216724e+01 2.825079007061088165e-01
1.535275028780421103e+01 2.779151547554364887e-01
1.571072389247448875e+01 2.733970733196847136e-01
1.607704421673821926e+01 2.689524425738675228e-01
1.645190587753660694e+01 2.645800684262165081e-01
1.683550802961200787e+01 2.602787761973764380e-01
1.722805447131392143e+01 2.560474103048168693e-01
1.762975375287203761e+01 2.518848339523738766e-01
1.804081928719380912e+01 2.477899288248390786e-01
1.846146946324545723e+01 2.437615947875141076e-01
1.889192776207664437e+01 2.397987495906485078e-01
1.933242287555043148e+01 2.359003285786838711e-01
1.978318882784162369e+01 2.320652844042234153e-01
2.024446509976801778e+01 2.282925867466528425e-01
2.071649675602066765e+01 2.245812220353348432e-01
2.119953457536068697e+01 2.209301931773036132e-01
2.169383518385182086e+01 2.173385192893869111e-01
2.219966119119952452e+01 2.138052354346820783e-01
2.271728133026902796e+01 2.103293923633172136e-01
2.324697059985645353e+01 2.069100562574257840e-01
2.378901041078890799e+01 2.036463755804373554e-01
2.434368873543107981e+01 2.004442530224950503e-01
2.491130026067785863e+01 1.972924804344300398e-01
2.549214654451420614e+01 1.941902661165427757e-01
2.608653617622550769e+01 1.911368308177689990e-01
2.669478494034323646e+01 1.881314075399389274e-01
2.731721598441379228e+01 1.851732413451120385e-01
2.795415999067859403e+01 1.822615891659439269e-01
2.860595535175744786e+01 1.793957196190334169e-01
2.927294835042819088e+01 1.765749128212051045e-01
2.995549334359816385e+01 1.737984602086805053e-01
3.065395295056529790e+01 1.710656643590925396e-01
3.136869824566879572e+01 1.683758388162988062e-01
3.210010895543175025e+01 1.657283079179491803e-01
3.284857366030046677e+01 1.631224066257650762e-01
3.361449000108768814e+01 1.605574803584872423e-01
3.439826489022927802e+01 1.580328848274500653e-01
3.520031472796682692e+01 1.555479858747417787e-01
3.602106562357073472e+01 1.531021593139088033e-01
3.686095362172161316e+01 1.506947907731655267e-01
3.772042493417001197e+01 1.483252755410687518e-01
3.859993617679771205e+01 1.459930184146193965e-01
3.949995461220647286e+01 1.436974335497521182e-01
4.042095839796309775e+01 1.414379443141760562e-01
4.136343684063277948e+01 1.392139831425296959e-01
4.232789065573552989e+01 1.370249913938127451e-01
4.331483223376402947e+01 1.348704192110602718e-01
4.432478591240400334e+01 1.327497253832230217e-01
4.535828825510191109e+01 1.306623772092194713e-01
4.641588833612782139e+01 1.286078503641259474e-01
4.749814803228504445e+01 1.265856287674702041e-01
4.860564232142138508e+01 1.245952044535961895e-01
4.973895958790068050e+01 1.226360774440673346e-01
5.089870193519684705e+01 1.207077556220760017e-01
5.208548550577665281e+01 1.188097546088275891e-01
5.329994080844092963e+01 1.169415976418687469e-01
5.454271305329836395e+01 1.151028154553283001e-01
5.581446249454966591e+01 1.132929461620415384e-01
5.711586478126434940e+01 1.115115351375279978e-01
5.844761131633637774e+01 1.097581349057934197e-01
5.981040962380944137e+01 1.080323050269273027e-01
6.120498372476702542e+01 1.063336119864681378e-01
6.263207452198692238e+01 1.046616290865079874e-01
6.409244019356457045e+01 1.030159363385095284e-01
6.558685659571435167e+01 1.018437022200388703e-01
6.711611767496286518e+01 1.018466988566519155e-01
6.868103588995307973e+01 1.018496955814376242e-01
7.028244264308352740e+01 1.018526923943985640e-01
7.192118872221192305e+01 1.018556892955373855e-01
7.359814475265771705e+01 1.018586862848566421e-01
7.531420165974375891e+01 1.018616833623589707e-01
7.707027114212303331e+01 1.018646805280469386e-01
7.886728615614156013e+01 1.018676777819231133e-01
8.070620141149507276e+01 1.018706751239901453e-01
8.258799387844271678e+01 1.018736725542505744e-01
8.451366330684722072e+01 1.018766700727070512e-01
8.648423275731727244e+01 1.018796676793621570e-01
8.850074914473438525e+01 1.018826653742184313e-01
9.056428379445294752e+01 1.018856631572785387e-01
9.267593301146882823e+01 1.018886610285450328e-01
9.483681866285927242e+01 1.018916589880205364e-01
9.704808877380307308e+01 1.018946570357076448e-01
9.931091813749800679e+01 1.018976551716089113e-01
1.016265089392995122e+02 1.019006533957269867e-01
1.039960913954120372e+02 1.019036517080644105e-01
1.064209244064724658e+02 1.019066501086238336e-01
1.089022962263730534e+02 1.019096485974078370e-01
1.114415251466788135e+02 1.019126471744189744e-01
1.140399601970033103e+02 1.019156458396598963e-01
1.166989818617147421e+02 1.019186445931331564e-01
1.194200028133532498e+02 1.019216434348414052e-01
1.222044686631488730e+02 1.019246423647871963e-01
1.250538587290391348e+02 1.019276413829730971e-01
1.279696868215941663e+02 1.019306404894017859e-01
1.309535020482667562e+02 1.019336396840757747e-01
1.340068896363950728e+02 1.019366389669977419e-01
1.371314717753945729e+02 1.019396383381702270e-01
1.403289084785873229e+02 1.019426377975958253e-01
1.436008984651260789e+02 1.019456373452771736e-01
1.469491800624817301e+02 1.019486369812168253e-01
1.503755321299738341e+02 1.019516367054174172e-01
1.538817750038346333e+02 1.019546365178815167e-01
1.574697714643086783e+02 1.019576364186117190e-01
1.611414277253019804e+02 1.002612868620734177e-01
1.648986944471064930e+02 9.827597472084735608e-02
1.687435677727375776e+02 9.632997450570424114e-02
1.726780903884356064e+02 9.442250778613914264e-02
1.767043526088946521e+02 9.255281154564790058e-02
1.808244934877951664e+02 9.072013787650824723e-02
1.850407019542302010e+02 8.892375368060513596e-02
1.893552179756295288e+02 8.716294037618024793e-02
1.937703337477989010e+02 8.543699361038768758e-02
1.982883949127071332e+02 8.374522297754219413e-02
2.029118018046678174e+02 8.208695174294576569e-02
2.076430107255774828e+02 8.046151657218339470e-02
2.124845352498882960e+02 7.886826726577894631e-02
2.174389475600079891e+02 7.730656649910505607e-02
2.225088798128369376e+02 7.577578956744339400e-02
2.276970255381679920e+02 7.427532413609311268e-02
2.330061410696924611e+02 7.280456999542722629e-02
2.384390470093720467e+02 7.136293882079941531e-02
2.439986297259550270e+02 6.994985393720515310e-02
2.496878428884326695e+02 6.856475008860238307e-02
2.555097090352506939e+02 6.720707321180055538e-02
2.614673211801091952e+02 6.587628021482645757e-02
2.675638444552045030e+02 6.459358421858456267e-02
2.738025177927857499e+02 6.333803307035242025e-02
2.801866556459195294e+02 6.210688695715427948e-02
2.867196497493769698e+02 6.089967150107584992e-02
2.934049709215786947e+02 5.971592154502158856e-02
3.002461709085549160e+02 5.855518097348320211e-02
3.072468842709003525e+02 5.741700253679187654e-02
3.144108303147264678e+02 5.630094767878671136e-02
3.217418150676371624e+02 5.520658636783284945e-02
3.292437333007769098e+02 5.413349693112426420e-02
3.369205705980266998e+02 5.308126589220725500e-02
3.447764054734464025e+02 5.204948781166219424e-02
3.528154115380883127e+02 5.103776513088199851e-02
3.610418597173337503e+02 5.004570801888720555e-02
3.694601205199302285e+02 4.907293422211860684e-02
3.780746663599348949e+02 4.811906891714959333e-02
3.868900739327975771e+02 4.718374456626140551e-02
3.959110266468458690e+02 4.626660077582567948e-02
4.051423171114647062e+02 4.536728415743972176e-02
4.145888496832911301e+02 4.448544819176096510e-02
4.242556430717776834e+02 4.362075309498822384e-02
4.341478330055092556e+02 4.277286568793819271e-02
4.442706749606882681e+02 4.194145926766682658e-02
4.546295469532399238e+02 4.112621348158611301e-02
4.652299523960189163e+02 4.032681420402768613e-02
4.760775230226367967e+02 3.954295341520581292e-02
4.871780218794630741e+02 3.877432908253304611e-02
4.985373463873893911e+02 3.802064504424277486e-02
5.101615314749833487e+02 3.728161089527397276e-02
5.220567527846975509e+02 3.655694187537404660e-02
5.342293299538351903e+02 3.584635875937665361e-02
5.466857299720180663e+02 3.514958774961237514e-02
5.594325706169377099e+02 3.446636037041060641e-02
5.724766239702178154e+02 3.379641336465207674e-02
5.858248200152536356e+02 3.313948859233223354e-02
5.994842503189408944e+02 3.249533293109618803e-02
6.134621717992506547e+02 3.186369817870718379e-02
6.277660105806500042e+02 3.124434095741077111e-02
6.424033659394191318e+02 3.063702262015790406e-02
6.573820143409585626e+02 3.004735502708155356e-02
6.727099135712336420e+02 2.947531055032117861e-02
6.883952069645496294e+02 2.891415671212440447e-02
7.044462277299037396e+02 2.836368617545163839e-02
7.208715033782135606e+02 2.782369555056607435e-02
7.376797602527731215e+02 2.729398531988460122e-02
7.548799281653431308e+02 2.677435976425927497e-02
7.724811451403400042e+02 2.626462689066240072e-02
7.904927622696420713e+02 2.576459836124828789e-02
8.089243486805937664e+02 2.527408942376551185e-02
8.277856966198472719e+02 2.479291884329405324e-02
8.470868266557401967e+02 2.432090883528197425e-02
8.668379930019773383e+02 2.385788499985698474e-02
8.870496889654402821e+02 2.340367625738858093e-02
9.077326525210223735e+02 2.295811478527695626e-02
9.288978720164498100e+02 2.252103595594533852e-02
9.505565920101191750e+02 2.209227827601281322e-02
9.727203192450537017e+02 2.167168332662522401e-02
9.954008287621518321e+02 2.125909570492200487e-02
1.018610170155977357e+03 2.085436296661737424e-02
1.042360673976403177e+03 2.045733556967486641e-02
1.066664958279540997e+03 2.006786681905376596e-02
1.091535935331393375e+03 1.968581281250790516e-02
1.116986818467824833e+03 1.931103238741610842e-02
1.143031129114481018e+03 1.894338706862496238e-02
1.169682703970387138e+03 1.858274101728453823e-02
1.196955702359045290e+03 1.822896098065818205e-02
1.224864613750933131e+03 1.788191624288783949e-02
1.253424265461402001e+03 1.754147857669672086e-02
1.282649830528062466e+03 1.720752219601144259e-02
1.312556835771845499e+03 1.687992370948615539e-02
1.343161170046018015e+03 1.655856207491149604e-02
1.374479092677539484e+03 1.624331855449149056e-02
1.406527242105239338e+03 1.593407667097191185e-02
1.439322644719409482e+03 1.563072216460385452e-02
1.472882723907504896e+03 1.533314295092669775e-02
1.507225309310758576e+03 1.504122907935465277e-02
1.542368646296630459e+03 1.475487269255197458e-02
1.578331405652119656e+03 1.447396798658136599e-02
1.615132693503092923e+03 1.420882820127696185e-02
1.652792061464897188e+03 1.395679031512399998e-02
1.691329517029650560e+03 1.370922310699998134e-02
1.730765534195727696e+03 1.346604727548580439e-02
1.771121064345090417e+03 1.322718492582037990e-02
1.812417547374239575e+03 1.299255954494917854e-02
1.854676923084701230e+03 1.276209597701532389e-02
1.897921642839103470e+03 1.253572039928548161e-02
1.942174681489028444e+03 1.231336029850274918e-02
1.987459549580985822e+03 1.209494444765900519e-02
2.033800305846984202e+03 1.188040288317928836e-02
2.081221569986341365e+03 1.166966688251084953e-02
2.129748535745523441e+03 1.146266894210976051e-02
2.179406984302958335e+03 1.125934275581799357e-02
2.230223297965940674e+03 1.105962319362404842e-02
2.282224474186900807e+03 1.086344628080031412e-02
2.335438139906481865e+03 1.067074917741052918e-02
2.389892566231052569e+03 1.048147015818068871e-02
2.445616683452449251e+03 1.029554859272705132e-02
2.502640096417921995e+03 1.011292492613483952e-02
2.560993100258462164e+03 9.933540659881445745e-03
2.620706696483855012e+03 9.757338333098011796e-03
2.681812609453018467e+03 9.584261504163433393e-03
2.744343303228368313e+03 9.414254732624770250e-03
2.808331998823175581e+03 9.247263561438460316e-03
2.873812691851069303e+03 9.083234499526462655e-03
2.940820170587066514e+03 8.922115004641824679e-03
3.009390034449724226e+03 8.763853466538254477e-03
3.079558712914229545e+03 8.608399190438121087e-03
3.151363484866482395e+03 8.455702380793820791e-03
3.224842498408445408e+03 8.305714125337102308e-03
3.300034791125288848e+03 8.158386379411320180e-03
3.376980310825094875e+03 8.013671950581708822e-03
3.455719936762142879e+03 7.871524483518490406e-03
3.536295501355046326e+03 7.731898445148272479e-03
3.618749812411283983e+03 7.594749110068737576e-03
3.703126675869930750e+03 7.460032546222055555e-03
3.789470919074671656e+03 7.327705600822499721e-03
3.877828414589461318e+03 7.197725886533563010e-03
3.968246104569485851e+03 7.073522149940754747e-03
4.060772025700369340e+03 6.953440846242131892e-03
4.155455334718879385e+03 6.835398062985284864e-03
4.252346334528686384e+03 6.719359193903749229e-03
4.351496500925054534e+03 6.605290220212891965e-03
4.452958509942660385e+03 6.493157700636689560e-03
4.556786265841068598e+03 6.382928761603857623e-03
4.663034929742736495e+03 6.274571087610393387e-03
4.771760948938750516e+03 6.168052911745735591e-03
4.883022086877885158e+03 6.063343006379747109e-03
4.996877453854888699e+03 5.960410674007809821e-03
5.113387538414331175e+03 5.859225738251294321e-03
5.232614239486667429e+03 5.759758535010877853e-03
5.354620899273612849e+03 5.661979903769980872e-03
5.479472336900292248e+03 5.565861179045863277e-03
5.607234882852038027e+03 5.471374181985851071e-03
5.737976414214139368e+03 5.378491212106219742e-03
5.871766390733261687e+03 5.287185039171330043e-03
6.008675891719693027e+03 5.197428895210592752e-03
6.148777653810029733e+03 5.109196466671013341e-03
6.292146109610350322e+03 5.022461886702900107e-03
6.438857427240425750e+03 4.937199727576561253e-03
6.588989550799956305e+03 4.853384993227727144e-03
6.742622241778349235e+03 4.770993111929525826e-03
6.899837121430025036e+03 4.689999929088859917e-03
7.060717714137779694e+03 4.610381700165076292e-03
7.225349491787221268e+03 4.532115083708846033e-03
7.393819919175873110e+03 4.455177134519203337e-03
7.566218500481062620e+03 4.379545296916794415e-03
7.742636826811277388e+03 4.305197398131272064e-03
7.923168624866261780e+03 4.232111641800976286e-03
8.107909806731694516e+03 4.160266601582951994e-03
8.296958520834914452e+03 4.089641214871452858e-03
8.490415204088754763e+03 4.020214776623080334e-03
8.688382635251193278e+03 3.951966933286728614e-03
8.890965989529167928e+03 3.884877676836617257e-03
9.098272894455567439e+03 3.818927338906577020e-03
9.310413487069085022e+03 3.754096585023936148e-03
9.527500472427300338e+03 3.690366408941290165e-03
9.749649183484096284e+03 3.627718127064490268e-03
9.976977642363211999e+03 3.563361546641215932e-03
1.020960662306047561e+04 3.498995503607090028e-03
1.044765971560805156e+04 3.435792123255842177e-03
1.069126339173477209e+04 3.373730404070976029e-03
1.094054707205743580e+04 3.312789723892550948e-03
1.119564319483879444e+04 3.252949833064725915e-03
1.145668728634872605e+04 3.194190847707134052e-03
1.172381803286599825e+04 1.025201722769578799e-01
1.199717735435885515e+04 1.025231888179429507e-01
1.227691047988360333e+04 1.025262054476863693e-01
1.256316602474121464e+04 1.025292221661907172e-01
1.285609606943296421e+04 1.025322389734586309e-01
1.315585624045705299e+04 1.025352558694927335e-01
1.346260579298911034e+04 1.025382728542955646e-01
1.377650769549054894e+04 1.025412899278698303e-01
1.409772871628967732e+04 1.025443070902180703e-01
1.442643951218158873e+04 1.025473243413429492e-01
1.476281471909391075e+04 1.025503416812470481e-01
1.510703304486655543e+04 1.025533591099329761e-01
1.545927736419478606e+04 1.025563766274033700e-01
1.581973481578601422e+04 1.025593942336608111e-01
1.618859690178199162e+04 1.025624119287079361e-01
1.656605958949915293e+04 1.025654297125473680e-01
1.695232341554121376e+04 1.025684475851816740e-01
1.734759359233932628e+04 1.025714655466135189e-01
1.775208011717635964e+04 1.025744835968454560e-01
1.816599788375328717e+04 1.025775017358801777e-01
1.858956679635688124e+04 1.025805199637202375e-01
1.902301188668945906e+04 1.025835382803682444e-01
1.946656343342263426e+04 1.025865566858268491e-01
1.992045708453871339e+04 1.025895751800986327e-01
2.038493398252464249e+04 1.025925937631862322e-01
2.086024089248504970e+04 1.025956124350922566e-01
2.134663033324245407e+04 1.025986311958193009e-01
2.184436071149428244e+04 1.026016500453700020e-01
2.235369645909796600e+04 1.026046689837469411e-01
2.287490817355703985e+04 1.026076880109527689e-01
2.340827276178294414e+04 1.026107071269900944e-01
2.395407358720879347e+04 1.026137263318614989e-01
2.451260062033339636e+04 1.026167456255696331e-01
2.508415059277541150e+04 1.026197650081170643e-01
2.566902715491952040e+04 1.026227844795064709e-01
2.626754103723838489e+04 1.026258040397404342e-01
2.688001021537607448e+04 1.026288236888215494e-01
2.750676007908067550e+04 1.026318434267524671e-01
2.814812360507581252e+04 1.026348632535357547e-01
2.880444153396297770e+04 1.026378831691740906e-01
2.947606255124858581e+04 1.026409031736700422e-01
3.016334347259197239e+04 1.026439232670262186e-01
3.086664943337274599e+04 1.026469434492452704e-01
3.158635408267819003e+04 1.026499637203297788e-01
3.232283978181380735e+04 1.026529840802823945e-01
3.307649780744242162e+04 1.026560045291057127e-01
3.384772855945982883e+04 1.026590250668023147e-01
3.463694177371734258e+04 1.026620456933748787e-01
3.544455673970435600e+04 1.026650664088259585e-01
3.627100252330648073e+04 1.026680872131582323e-01
3.711671819475766824e+04 1.026711081063742814e-01
3.798215306190736010e+04 1.026741290884766872e-01
3.886776690892667830e+04 1.026771501594681280e-01
3.977403024058036681e+04 1.026801713193511711e-01
4.070142453219438903e+04 1.026831925681284813e-01
4.165044248545185110e+04 1.026862139058026396e-01
4.262158829015324591e+04 1.026892353323762413e-01
4.361537789208005415e+04 1.026922568478519648e-01
4.463233926710397645e+04 1.026952784522323497e-01
4.567301270168746851e+04 1.026983001455200883e-01
4.673795107992463454e+04 1.027013219277177480e-01
4.782772017727485218e+04 1.027043437988279379e-01
4.894289896114531439e+04 1.027073657588533223e-01
5.008407989848212310e+04 1.027103878077964549e-01
5.125186927053333056e+04 1.027134099456600141e-01
5.244688749495118827e+04 1.027164321724465812e-01
5.366976945540476299e+04 1.027194544881587651e-01
5.492116483887789218e+04 1.027224768927992166e-01
5.620173848083188204e+04 1.027254993863705029e-01
5.751217071841613506e+04 1.027285219688753026e-01
5.885315775191450666e+04 1.027315446403161969e-01
6.022541201461927994e+04 1.027345674006957671e-01
6.162966255132942024e+04 1.027375902500167054e-01
6.306665540567405696e+04 1.027406131882815654e-01
6.453715401646702230e+04 1.027436362154930116e-01
6.604193962330305658e+04 1.027466593316536531e-01
6.758181168161109963e+04 1.027496825367660571e-01
6.915758828738525335e+04 1.027527058308329022e-01
7.077010661181889009e+04 1.027557292138567557e-01
7.242022334607315133e+04 1.027587526858402961e-01
7.410881515641570149e+04 1.027617762467861046e-01
7.583677914997190237e+04 1.027647998966967624e-01
7.760503335133570363e+04 1.027678236355749619e-01
7.941451719029339438e+04 1.027708474634232427e-01
8.126619200091945822e+04 1.027738713802443110e-01
8.316104153230960947e+04 1.027768953860407203e-01
8.510007247122246190e+04 1.027799194808150796e-01
8.708431497690723336e+04 1.027829436645700673e-01
8.911482322840201959e+04 1.027859679373082369e-01
9.119267598459297733e+04 1.027889922990322669e-01
9.331897715733238147e+04 1.027920167497447523e-01
9.549485639791966241e+04 1.027950412894482607e-01
9.772146969725724193e+04 1.027980659181454981e-01
1.000000000000000000e+05 1.028010906358390042e-01
