#Fig. 4 of https://arxiv.org/abs/1803.09390 (red dashed line)
4.965348179537885e-19 1.964557098791005e-8
5.6163030161352845e-19 2.9139989324360277e-8
6.774216370272428e-19 5.150080315099453e-8
8.303815068768042e-19 1.1330875477021026e-7
9.596102369047504e-19 1.9167395760890856e-7
1.1269524069868142e-18 3.6977510085342797e-7
1.3449356083668027e-18 7.78685627515349e-7
1.5625775346530987e-18 0.000001317230572886709
1.8648936277174797e-18 0.0000030278631137817332
2.286112129886551e-18 0.000007597323389118832
2.613929254629802e-18 0.000014656665190581735
3.1535048961682018e-18 0.0000419405820915267
3.703571940668948e-18 0.00008831997722108603
4.372663753755003e-18 0.000163082940018647
4.972727317637576e-18 0.00027587235068696057
5.594752443593754e-18 0.0004275214192733077
6.748093963846126e-18 0.0007231985080135761
8.315044988200724e-18 0.0011709334010979223
9.60834663377883e-18 0.0016623863212933737
1.1966796484039522e-17 0.002691575891766315
1.4588667510671627e-17 0.004357940563118443
2.1222241939991473e-17 0.010934669938634546
2.957733190377547e-17 0.024057757525398966
3.6448161049279006e-17 0.04641193736612382