#EROS
5.0779683942863936e-8 0.5437010077641949
6.461503015498809e-8 0.42666054769270695
6.862690937637611e-8 0.3852632052474099
7.741341383990016e-8 0.3348177383305071
9.274679015041776e-8 0.27299514843253986
1.111172683973808e-7 0.23127138335995195
1.501709761927164e-7 0.19098589231922983
1.7991553820935753e-7 0.16179617759697254
2.9131026487621777e-7 0.13360932719630614
4.7167504967527673e-7 0.1161090205867468
7.19066622382917e-7 0.10754732201638306
0.0000010962140307848527 0.10089587381835578
0.0000015734780658505738 0.09834931358570803
0.0000022585308654918772 0.09709780819486334
0.00000344312077163055 0.098338647080968
0.000004653253404106976 0.10217075690146285
0.000006288703963346344 0.10615219830330677
0.000009026647598980697 0.10888989635911364
0.000012956623073862423 0.11313222867896658
0.00001751040826709942 0.11457988761978753
0.000026694543495225217 0.1145731961002981
0.00004069571888608581 0.11168049547810045
0.00005178360515126609 0.10748363361874935
0.00007894388748475618 0.09955795766660724
0.00010045280463184734 0.09460210946157442
0.00015313987666984205 0.08433618682305137
0.00021981312971750376 0.07615017240781868
0.0003351041884666167 0.06702608688163868
0.00046672895892812085 0.0593734599018925
0.0006120526051562199 0.05395414388010354
0.0009330716132077409 0.047187579085716296
0.0014224637360245721 0.04179946798066648
0.0023031823256752138 0.037741611287021117
0.0035111917342150844 0.03518229449023405
0.005039876359571559 0.033644326385581146
0.0070194773070215285 0.03258678335109331
0.010383662311095863 0.03237783892048736
0.015829849365882036 0.03300142884413722
0.022721767887882948 0.03494956311623009
0.03261425450222897 0.03772775890695497
0.04681368113541052 0.040726797854600934
0.059568456976495855 0.04396496873750336
0.08550306585838215 0.046858227799874544
0.19871659638051342 0.0604697893841575
0.3029426124386645 0.07137321383850075
0.4905095666006879 0.08424195295639422
1.8458102373095069 0.1476440755191354
3.1742056152847162 0.2030895463111538
15.19911082952902 0.5285740362250857
