# Envelope of evaporation bounds: EGRB, 511keV, CMBevap, EDGESevap-Mittal2021, Voyager, INTEGRAL, LeoTevap, SuperK, Comptel
#  Columns: PBH mass [Mun], PBH fraction f_PBH
1.000000000000000072e-18 1.598424030286459998e-09
1.006938631476024979e-18 1.645060427375064911e-09
1.013925407558818487e-18 1.693057510672269966e-09
1.020960662306047608e-18 1.742454980220701684e-09
1.028044732093307689e-18 1.793293694370930320e-09
1.035177955630180425e-18 1.845615703576644344e-09
1.042360673976403202e-18 1.899464285175821308e-09
1.049593230558226596e-18 1.954883979187315854e-09
1.056875971184800761e-18 2.011920625151148655e-09
1.064209244064726873e-18 2.070621400044159929e-09
1.071593399822671164e-18 2.131034857301378642e-09
1.079028791516181371e-18 2.193210966976703352e-09
1.086515774652541707e-18 2.257201157074640835e-09
1.094054707205743573e-18 2.323058356087925160e-09
1.101645949633654654e-18 2.390837036776992522e-09
1.109289864895227285e-18 2.460593261226044337e-09
1.116986818467824897e-18 2.532384727213650869e-09
1.124737178364750863e-18 2.606270815937120307e-09
1.132541315152807970e-18 2.682312641128338657e-09
1.140399601970035471e-18 2.760573099603285282e-09
1.148312414543511024e-18 2.841116923285769571e-09
1.156280131207372974e-18 2.924010732749935748e-09
1.164303132920880372e-18 3.009323092324264216e-09
1.172381803286599724e-18 3.097124566803092973e-09
1.180516528568803210e-18 3.187487779813858882e-09
1.188707697711908112e-18 3.280487473886293259e-09
1.196955702359045285e-18 3.376200572274170801e-09
1.205260936870841400e-18 3.474706242581902099e-09
1.213623798344236824e-18 3.576085962246330961e-09
1.222044686631491080e-18 3.680423585929709380e-09
1.230524004359261495e-18 3.787805414878408089e-09
1.239062156947913151e-18 3.898320268306243057e-09
1.247659552630873518e-18 4.012059556859695248e-09
1.256316602474121515e-18 4.129117358226275094e-09
1.265033720395901142e-18 4.249590494950314814e-09
1.273811323186483632e-18 4.373578614517814336e-09
1.282649830528062506e-18 4.501184271777815199e-09
1.291549665014882621e-18 4.632513013770008952e-09
1.300511252173404460e-18 4.767673467025720618e-09
1.309535020482670463e-18 4.906777427416897975e-09
1.318621401394748575e-18 5.049939952625832350e-09
1.327770829355426364e-18 5.197279457314123603e-09
1.336983741824950787e-18 5.348917811067220709e-09
1.346260579298911042e-18 5.504980439196361821e-09
1.355601785329366219e-18 5.665596426483135723e-09
1.365007806546019352e-18 5.830898623949624316e-09
1.374479092677539395e-18 6.001023758743287060e-09
1.384016096573130094e-18 6.176112547230000092e-09
1.393619274224137766e-18 6.356309811384590461e-09
1.403289084785875936e-18 6.541764598578414201e-09
1.413025990599533564e-18 6.732630304860874174e-09
1.422830457214349042e-18 6.929064801839778243e-09
1.432702953409835235e-18 7.131230567261695353e-09
1.442643951218158790e-18 7.339294819402386576e-09
1.452653925946778281e-18 7.553429655379953271e-09
1.462733356201135907e-18 7.773812193501874599e-09
1.472882723907504794e-18 8.000624719764644741e-09
1.483102514336102853e-18 8.234054838630527809e-09
1.493393216124247272e-18 8.474295628200554357e-09
1.503755321299741469e-18 8.717626659121175012e-09
1.514189325304351987e-18 8.960831584371812874e-09
1.524695727017569842e-18 9.210821456716349946e-09
1.535275028780427349e-18 9.467785563057942080e-09
1.545927736419478452e-18 9.731918471037400337e-09
1.556654359271058889e-18 1.000342017635735854e-08
1.567455410205601449e-18 1.028249625421388392e-08
1.578331405652119738e-18 1.056935801495236674e-08
1.589282865622976408e-18 1.086422266406929124e-08
1.600310313738695106e-18 1.116731346667404854e-08
1.611414277253023179e-18 1.147885991654119334e-08
1.622595287078087208e-18 1.179909790987673346e-08
1.633853877809857074e-18 1.212826992393566331e-08
1.645190587753667419e-18 1.246662520061961589e-08
1.656605958949915141e-18 1.281441993519595238e-08
1.668100537200055780e-18 1.317191747028588297e-08
1.679674872092660013e-18 1.353938849526044147e-08
1.691329517029650396e-18 1.391711125119931234e-08
1.703065029252842610e-18 1.430537174157163829e-08
1.714881969870533882e-18 1.470446394878971102e-08
1.726780903884359507e-18 1.511469005680722129e-08
1.738762400216250469e-18 1.553636067992417942e-08
1.750827031735719632e-18 1.596979509798050398e-08
1.762975375287211296e-18 1.641532149810615013e-08
1.775208011717635831e-18 1.687327722321572449e-08
1.787525525904231719e-18 1.734400902744049844e-08
1.799928506782483835e-18 1.782787333868134131e-08
1.812417547374239330e-18 1.832523652848667218e-08
1.824993244816150531e-18 1.883647518946421046e-08
1.837656200388164843e-18 1.936197642042672629e-08
1.850407019542305838e-18 1.990213811949581769e-08
1.863246311931559903e-18 2.045736928537923467e-08
1.876174691439115698e-18 2.102809032705982285e-08
1.889192776207672198e-18 2.161473338211792651e-08
1.902301188668945855e-18 2.221774264393474020e-08
1.915500555573524063e-18 2.283757469802974926e-08
1.928791508020785627e-18 2.347469886777569866e-08
1.942174681489028477e-18 2.412959756975739250e-08
1.955650715865947117e-18 2.480276667905174088e-08
1.969220255479165556e-18 2.549471590469073091e-08
1.982883949127075292e-18 2.620596917560329712e-08
1.996642450109793482e-18 2.693706503731993001e-08
2.010496416260492818e-18 2.779860438918974790e-08
2.024446509976809973e-18 2.872424751515502496e-08
2.038493398252464364e-18 2.968071287897862320e-08
2.052637752709247854e-18 3.066902680530027903e-08
2.066880249629090706e-18 3.169024979350931699e-08
2.081221569986341332e-18 3.274547765569849087e-08
2.095662399480430833e-18 3.383584269252017020e-08
2.110203428568587999e-18 3.496251490818412434e-08
2.124845352498887112e-18 3.612670326592068441e-08
2.139588871343421705e-18 3.732965698523936292e-08
2.154434690031877758e-18 3.857266688239887247e-08
2.169383518385190864e-18 3.985706675549918415e-08
2.184436071149428343e-18 4.118423481569385503e-08
2.199593068030070413e-18 4.255559516607401175e-08
2.214855233726368391e-18 4.397261932978188240e-08
2.230223297965940946e-18 4.543682782900702033e-08
2.245697995539771711e-18 4.694979181657659030e-08
2.261280066337270454e-18 4.851313476185624258e-08
2.276970255381684765e-18 5.012853419280031143e-08
2.292769312865648874e-18 5.179772349599675144e-08
2.308677994187162714e-18 5.352249377666968483e-08
2.324697059985654962e-18 5.530469578060048734e-08
2.340827276178294523e-18 5.714624188004266994e-08
2.357069413996723019e-18 5.904910812578534846e-08
2.373424250023875876e-18 6.101533636752646621e-08
2.389892566231052621e-18 6.304703644484946849e-08
2.406475150015421673e-18 6.514638845117830429e-08
2.423172794237590612e-18 6.731564507309240669e-08
2.439986297259555092e-18 6.955713400755320631e-08
2.456916462982790264e-18 7.187326045960263277e-08
2.473964100886806739e-18 7.426650972325740395e-08
2.491130026067796302e-18 7.673944984831978617e-08
2.508415059277541084e-18 7.942016580439281447e-08
2.525820026962779574e-18 8.233205445400637383e-08
2.543345761304658521e-18 8.535070560432958894e-08
2.560993100258462174e-18 8.848003363290453635e-08
2.578762887593798351e-18 9.172409643538793037e-08
2.596655972934861931e-18 9.508710068753332315e-08
2.614673211801097395e-18 9.857340730012554395e-08
2.632815465648020071e-18 1.021875370738902603e-07
2.651083601908530794e-18 1.059341765617792009e-07
2.669478494034329180e-18 1.098181841461568885e-07
2.688001021537607315e-18 1.138445963387977486e-07
2.706652070033235702e-18 1.180186343119149614e-07
2.725432531281038975e-18 1.223457106685997752e-07
2.744343303228368184e-18 1.268314364614952333e-07
2.763385290053166910e-18 1.314816284688506692e-07
2.782559402207114398e-18 1.363023167372951769e-07
2.801866556459201269e-18 1.412997524011969719e-07
2.821307675939470853e-18 1.464804157886749666e-07
2.840883690183295547e-18 1.518510248248770621e-07
2.860595535175750630e-18 1.574185437433004997e-07
2.880444153396297759e-18 1.631901921165082197e-07
2.900430493863985779e-18 1.691734542180091361e-07
2.920555512182757063e-18 1.753760887273252978e-07
2.940820170587066638e-18 1.818061387908886434e-07
2.961225437988031312e-18 1.884719424518773832e-07
2.981772290019661237e-18 1.953821434623859534e-07
3.002461709085555240e-18 2.023432883914551250e-07
3.023294684405776414e-18 2.080014482021318345e-07
3.044272212064293554e-18 2.138178280985734599e-07
3.065395295056536212e-18 2.197968524159724394e-07
3.086664943337274478e-18 2.259430692079394806e-07
3.108082173869057658e-18 2.322611537061026164e-07
3.129648010670763112e-18 2.387559118763881896e-07
3.151363484866482521e-18 2.454322840747437968e-07
3.173229634734972836e-18 2.522953488051529537e-07
3.195247505759200441e-18 2.593503265826628150e-07
3.217418150676377965e-18 2.666025839044813864e-07
3.239742629528195619e-18 2.740576373320632377e-07
3.262222009711659968e-18 2.817211576874381482e-07
3.284857366030053655e-18 2.895989743667964836e-07
3.307649780744242553e-18 2.976970797746979391e-07
3.330600343624581897e-18 3.060216338823610282e-07
3.353710152002942578e-18 3.145789689133261567e-07
3.376980310825094898e-18 3.233755941601500344e-07
3.400411932703702464e-18 3.324182009358737763e-07
3.424006137971411595e-18 3.417136676638537294e-07
3.447764054734471140e-18 3.512690651099825608e-07
3.471686818926559528e-18 3.610916617611466680e-07
3.495775574363264312e-18 3.711889293542025069e-07
3.520031472796689991e-18 3.820340625022646021e-07
3.544455673970435220e-18 3.932975262696800241e-07
3.569049345675222524e-18 4.048930693684747740e-07
3.593813663804640108e-18 4.168304824531721649e-07
3.618749812411284251e-18 4.291198448349304184e-07
3.643858983763540344e-18 4.417715329920516217e-07
3.669142378402478713e-18 4.547962293312741110e-07
3.694601205199309735e-18 4.682049312074463798e-07
3.720236681413066201e-18 4.820089602090462480e-07
3.746050032748981346e-18 4.962199717176130162e-07
3.772042493417009374e-18 5.108499647488822900e-07
3.798215306190736584e-18 5.259112920840604005e-07
3.824569722466991206e-18 5.414166706999472947e-07
3.851107002325584978e-18 5.573791925064283592e-07
3.877828414589461484e-18 5.738123354005118803e-07
3.904735236885556306e-18 5.907299746464662471e-07
3.931828755705754247e-18 6.081463945912631943e-07
3.959110266468466708e-18 6.260763007255643235e-07
3.986581073580438628e-18 6.445348321001522957e-07
4.014242490499309623e-18 6.738154155292553275e-07
4.042095839796318415e-18 7.147377068488986396e-07
4.070142453219438665e-18 7.581452988728881905e-07
4.098383671757252825e-18 8.041891293760650728e-07
4.126820845702968510e-18 8.530293029161268195e-07
4.155455334718879372e-18 9.048356475523130545e-07
4.184288507901576320e-18 9.597883053753810067e-07
4.213321743847271978e-18 1.018078358901182593e-06
4.242556430717786130e-18 1.079908495506850149e-06
4.271993966306776907e-18 1.145493712219240225e-06
4.301635758106781642e-18 1.215062063307466761e-06
4.331483223376411792e-18 1.288855453277714930e-06
4.361537789208005466e-18 1.367130478028298974e-06
4.391800892596077284e-18 1.450159317090738425e-06
4.422273980505915383e-18 1.538230680057805613e-06
4.452958509942659900e-18 1.631650810490142235e-06
4.483855948021181873e-18 1.730744550793312251e-06
4.514967772036083091e-18 1.810705036970496614e-06
4.546295469532408537e-18 1.866286151786431636e-06
4.577840538376616139e-18 1.923573375693009084e-06
4.609604486828419348e-18 1.982619079144530657e-06
4.641588833612791492e-18 2.043477240150454676e-06
4.673795107992463948e-18 2.106203493620452182e-06
4.706224849841271715e-18 2.170855182224771724e-06
4.738879609717670780e-18 2.237491408815199257e-06
4.771760948938750837e-18 2.306173090455044783e-06
4.804870439655123921e-18 2.376963014108375482e-06
4.838209664925937060e-18 2.449925894037873970e-06
4.871780218794640678e-18 2.525128430965074800e-06
4.905583706365045875e-18 2.602639373046010690e-06
4.939621743878305391e-18 2.682529578719482575e-06
4.973895958790077911e-18 2.764872081483707733e-06
5.008407989848212379e-18 2.844107268739918548e-06
5.043159487171348278e-18 2.907628402783874171e-06
5.078152112327691559e-18 2.972568236647917632e-06
5.113387538414331369e-18 3.038958455993819313e-06
5.148867450137487388e-18 3.106831454160565274e-06
5.184593543892891983e-18 3.176220347969463497e-06
5.220567527846985872e-18 3.247158993882822863e-06
5.256791122018418861e-18 3.319682004522949355e-06
5.293266058360545122e-18 3.393824765560944564e-06
5.329994080844104138e-18 3.469623452981995092e-06
5.366976945540476347e-18 3.547115050736177992e-06
5.404216420705904051e-18 3.626337368784319409e-06
5.441714286865909556e-18 3.707329061546143895e-06
5.479472336900292615e-18 3.790129646760308319e-06
5.517492376129117816e-18 3.874779524766674501e-06
5.555776222398855258e-18 3.961319998218130040e-06
5.594325706169388678e-18 4.049793292233374921e-06
5.633142670601351750e-18 4.140242574999092555e-06
5.672228971644525959e-18 4.232711978833333225e-06
5.711586478126446473e-18 4.327246621718436694e-06
5.751217071841613531e-18 4.423892629314780688e-06
5.791122647641746143e-18 4.522697157467219645e-06
5.831305113526242246e-18 4.623708415213258349e-06
5.871766390733261327e-18 4.726975688304912930e-06
5.912508413831869385e-18 4.832549363257192578e-06
5.953533130814345668e-18 4.940480951932289779e-06
5.994842503189420800e-18 5.050823116673749052e-06
6.036438506075863875e-18 5.163629696001088581e-06
6.078323128297211249e-18 5.278955730879636845e-06
6.120498372476715654e-18 5.396857491575985803e-06
6.162966255132942434e-18 5.517392505113095120e-06
6.205728806776487428e-18 5.640619583339887465e-06
6.248788072006913649e-18 5.766598851626596165e-06
6.292146109610350483e-18 5.895391778200768781e-06
6.335804992658241506e-18 6.027061204140063408e-06
6.379766808606256397e-18 6.161671374033171867e-06
6.424033659394203557e-18 6.299287967326661703e-06
6.468607661546320991e-18 6.439978130370810946e-06
6.513490946272782827e-18 6.583810509182833198e-06
6.558685659571448506e-18 6.730855282940471268e-06
6.604193962330305307e-18 6.881184198223470937e-06
6.650018030431104952e-18 7.034870604021434872e-06
6.696160054853242869e-18 7.191989487522089516e-06
6.742622241778349287e-18 7.352617510698590329e-06
6.789406812696098289e-18 7.516833047715936698e-06
6.836516004510210221e-18 7.684716223170687691e-06
6.883952069645510288e-18 7.856348951186128577e-06
6.931717276155400067e-18 8.031814975379207884e-06
6.979813907830637884e-18 8.211199909722191972e-06
7.028244264308366474e-18 8.394591280315221387e-06
7.077010661181889453e-18 8.582078568091614803e-06
7.126115430111731216e-18 8.773753252478968336e-06
7.175560918936950305e-18 8.969708856033597357e-06
7.225349491787220820e-18 9.170040990071495629e-06
7.275483529196217309e-18 9.374847401320875466e-06
7.325965428215199957e-18 9.584228019614088472e-06
7.376797602527746081e-18 9.798285006646160661e-06
7.427982482564911496e-18 1.001712280582096532e-05
7.479522515621798585e-18 1.024084819321299075e-05
7.531420165974390907e-18 1.046957032966527740e-05
7.583677914997190541e-18 1.070340081405062766e-05
7.636298261282226693e-18 1.094245373772488746e-05
7.689283720758337008e-18 1.118684574019414471e-05
7.742636826811277805e-18 1.143669606602477067e-05
7.796360130405220988e-18 1.169212662302759035e-05
7.850456200204542143e-18 1.195326204173850116e-05
7.904927622696436034e-18 1.222022973622781522e-05
7.959777002314977296e-18 1.249315996627038385e-05
8.015006961565379903e-18 1.277218590090105456e-05
8.070620141149523113e-18 1.305744368339178480e-05
8.126619200091945807e-18 1.334907249767754281e-05
8.183006815867372326e-18 1.364721463626964247e-05
8.239785684528544913e-18 1.395201556968251081e-05
8.296958520834915897e-18 1.426362401741092902e-05
8.354528058382854421e-18 1.458219202049614634e-05
8.412497049736084283e-18 1.490787501570856648e-05
8.470868266557419089e-18 1.524083191138995287e-05
8.529644499741016630e-18 1.558122516498682326e-05
8.588828559546223308e-18 1.592922086231953510e-05
8.648423275731743666e-18 1.628498879861846975e-05
8.708431497690723567e-18 1.664870256136967718e-05
8.768856094587408024e-18 1.702053961501471990e-05
8.829699955494119499e-18 1.740068138753873459e-05
8.890965989529166813e-18 1.778931335899166684e-05
8.952657125996382624e-18 1.818662515199136645e-05
9.014776314524955184e-18 1.859281062424328194e-05
9.077326525210241548e-18 1.900806796312687802e-05
9.140310748756223229e-18 1.943259978239875128e-05
9.203731996618192943e-18 1.986661322105051628e-05
9.267593301146902000e-18 2.031032004437807785e-05
9.331897715733239241e-18 2.076393674730439394e-05
9.396648314954671042e-18 2.122768466001589193e-05
9.461848194722031082e-18 2.170179005595296916e-05
9.527500472427299248e-18 2.218648426221218596e-05
9.593608287093127762e-18 2.268200377241990766e-05
9.660174799522606113e-18 2.318859036212041821e-05
9.727203192450557492e-18 2.370649120674538690e-05
9.794696670695385269e-18 2.423595900221388753e-05
9.862658461312789941e-18 2.477725208823223333e-05
9.931091813749820411e-18 2.533063457434243387e-05
1.000000000000000072e-17 2.589637646878521703e-05
1.006938631476025017e-17 2.645713850189189195e-05
1.013925407558818410e-17 2.703004331714301461e-05
1.020960662306047608e-17 2.761535385523134324e-05
1.028044732093307689e-17 2.821333875058864459e-05
1.035177955630180463e-17 2.882427245467644868e-05
1.042360673976403356e-17 2.944843536194605176e-05
1.049593230558226558e-17 3.008611393853302617e-05
1.056875971184800684e-17 3.073760085373086564e-05
1.064209244064726835e-17 3.140319511431616028e-05
1.071593399822671203e-17 3.208320220177783414e-05
1.079028791516181371e-17 3.277793421252564498e-05
1.086515774652541745e-17 3.348771000112800591e-05
1.094054707205743612e-17 3.421285532665084550e-05
1.101645949633654731e-17 3.495370300217343095e-05
1.109289864895218195e-17 3.571059304753293852e-05
1.116986818467824936e-17 3.648387284538189863e-05
1.124737178364750786e-17 3.727389730061956966e-05
1.132541315152808009e-17 3.808102900328458654e-05
1.140399601970035355e-17 3.890563839496688893e-05
1.148312414543511063e-17 3.974810393882288013e-05
1.156280131207373090e-17 4.060881229328075617e-05
1.164303132920880333e-17 4.148815848949877362e-05
1.172381803286599724e-17 4.238654611266552333e-05
1.180516528568803172e-17 4.330438748723614261e-05
1.188707697711908112e-17 4.424210386616972141e-05
1.196955702359045323e-17 4.520012562426450474e-05
1.205260936870841361e-17 4.617889245568941830e-05
1.213623798344236747e-17 4.717885357578205168e-05
1.222044686631491196e-17 4.820046792722298290e-05
1.230524004359261572e-17 4.924420439066769180e-05
1.239062156947913113e-17 5.031054199995125197e-05
1.247659552630873633e-17 5.139997016194267787e-05
1.256316602474121477e-17 5.251298888115909564e-05
1.265033720395901180e-17 5.365010898925614717e-05
1.273811323186473194e-17 5.481185237947421441e-05
1.282649830528062506e-17 5.599875224616951132e-05
1.291549665014882775e-17 5.721135332952378608e-05
1.300511252173404499e-17 5.845021216556668859e-05
1.309535020482670348e-17 5.971589734160005325e-05
1.318621401394748536e-17 6.100898975715203970e-05
1.327770829355426403e-17 6.233008289059650787e-05
1.336983741824950671e-17 6.367978307153145795e-05
1.346260579298911004e-17 6.505870975905574040e-05
1.355601785329366065e-17 6.646749582608563254e-05
1.365007806546019352e-17 6.790678784981394906e-05
1.374479092677539395e-17 6.937724640845845342e-05
1.384016096573130171e-17 7.087954638445099944e-05
1.393619274224137881e-17 7.241437727417538947e-05
1.403289084785875898e-17 7.398244350442262395e-05
1.413025990599533525e-17 7.558446475568712797e-05
1.422830457214349157e-17 7.722117629248334938e-05
1.432702953409835351e-17 7.889332930079738309e-05
1.442643951218158751e-17 8.060169123284590114e-05
1.452653925946778243e-17 8.234704615931786665e-05
1.462733356201123774e-17 8.413019512922448751e-05
1.472882723907504756e-17 8.595195653755317595e-05
1.483102514336102891e-17 8.781316650086937409e-05
1.493393216124247272e-17 8.971467924107542880e-05
1.503755321299741546e-17 9.170938281848712778e-05
1.514189325304351948e-17 9.384237984112918569e-05
1.524695727017569880e-17 9.602498657827126811e-05
1.535275028780427503e-17 9.825835686358134926e-05
1.545927736419478490e-17 1.005436713668369505e-04
1.556654359271058889e-17 1.028821382181015236e-04
1.567455410205601295e-17 1.052749936463934054e-04
1.578331405652119738e-17 1.077235026332094392e-04
1.589282865622976215e-17 1.102289595812730997e-04
1.600310313738695298e-17 1.127926889988085550e-04
1.611414277253023102e-17 1.154160461997474723e-04
1.622595287078087015e-17 1.181004180202013912e-04
1.633853877809857112e-17 1.208472235516315962e-04
1.645190587753667342e-17 1.236579148910408547e-04
1.656605958949915141e-17 1.265339779086140743e-04
1.668100537200055626e-17 1.294769330332418459e-04
1.679674872092646339e-17 1.324883360562818921e-04
1.691329517029650512e-17 1.355697789540331552e-04
1.703065029252842648e-17 1.387228907293192731e-04
1.714881969870533959e-17 1.419493382726810988e-04
1.726780903884359430e-17 1.452508272435670302e-04
1.738762400216250392e-17 1.486291029720168753e-04
1.750827031735719863e-17 1.520859513813528402e-04
1.762975375287211065e-17 1.556231999322949466e-04
1.775208011717636062e-17 1.592427185890348245e-04
1.787525525904231796e-17 1.629464208078155085e-04
1.799928506782483912e-17 1.667362645484670195e-04
1.812417547374239484e-17 1.706142533094669926e-04
1.824993244816150377e-17 1.745824371871150451e-04
1.837656200388164997e-17 1.786429139592980698e-04
1.850407019542305992e-17 1.827978301944874337e-04
1.863246311931559826e-17 1.870493823865022952e-04
1.876174691439115775e-17 1.913998181157131973e-04
1.889192776207672121e-17 1.958514372372110156e-04
1.902301188668945701e-17 2.004065930966059041e-04
1.915500555573523832e-17 2.050676937741554141e-04
1.928791508020769835e-17 2.098372033577720723e-04
1.942174681489028400e-17 2.147176432456737239e-04
1.955650715865947117e-17 2.197115934792960188e-04
1.969220255479165325e-17 2.248216941072634679e-04
1.982883949127075369e-17 2.300506465810342189e-04
1.996642450109793405e-17 2.354012151829994214e-04
2.010496416260492895e-17 2.414587018696768845e-04
2.024446509976810204e-17 2.478641453228102470e-04
2.038493398252464056e-17 2.544395130963833279e-04
2.052637752709247854e-17 2.611893129617841422e-04
2.066880249629090398e-17 2.681181722730650863e-04
2.081221569986341255e-17 2.752308411392196969e-04
2.095662399480430833e-17 2.825321956806895319e-04
2.110203428568587768e-17 2.900272413721754951e-04
2.124845352498887266e-17 2.977211164741815140e-04
2.139588871343421474e-17 3.056190955555327000e-04
2.154434690031877835e-17 3.137265931094335397e-04
2.169383518385191095e-17 3.220491672653704785e-04
2.184436071149428266e-17 3.305925235994819637e-04
2.199593068030070182e-17 3.393625190460972888e-04
2.214855233726350056e-17 3.483651659129446813e-04
2.230223297965940868e-17 3.576066360029365185e-04
2.245697995539771556e-17 3.670932648452292202e-04
2.261280066337270300e-17 3.768315560386381450e-04
2.276970255381684534e-17 3.868281857101777896e-04
2.292769312865648720e-17 3.970900070918698512e-04
2.308677994187162560e-17 4.076240552190776140e-04
2.324697059985654885e-17 4.184375517533713094e-04
2.340827276178294369e-17 4.295379099333276516e-04
2.357069413996723019e-17 4.409327396567843879e-04
2.373424250023875953e-17 4.526298526978013307e-04
2.389892566231052621e-17 4.646372680620123154e-04
2.406475150015421596e-17 4.769632174841728221e-04
2.423172794237590689e-17 4.896161510714027928e-04
2.439986297259555169e-17 5.026047430962266157e-04
2.456916462982790187e-17 5.159378979431926242e-04
2.473964100886806662e-17 5.296247562134053953e-04
2.491130026067796225e-17 5.436747009908586342e-04
2.508415059277541161e-17 5.593695602706866060e-04
2.525820026962779497e-17 5.769052074032706172e-04
2.543345761304658521e-17 5.949905786220596564e-04
2.560993100258461943e-17 6.136429071986798569e-04
2.578762887593798351e-17 6.328799666497551780e-04
2.596655972934861777e-17 6.527200876729319281e-04
2.614673211801097472e-17 6.731821756139648102e-04
2.632815465648019917e-17 6.942857284812306313e-04
2.651083601908530948e-17 7.160508555252270268e-04
2.669478494034329103e-17 7.384982964002975107e-04
2.688001021537607392e-17 7.616494409270454027e-04
2.706652070033235779e-17 7.855263494745240134e-04
2.725432531281038898e-17 8.101517739811471336e-04
2.744343303228368030e-17 8.355491796345680634e-04
2.763385290053167064e-17 8.617427672314719074e-04
2.782559402207114244e-17 8.887574962380252828e-04
2.801866556459201192e-17 9.166191085734301134e-04
2.821307675939470930e-17 9.453541531388676101e-04
2.840883690183295162e-17 9.749900111157369263e-04
2.860595535175750784e-17 1.005554922056666346e-03
2.880444153396297759e-17 1.037078010794433578e-03
2.900430493863985779e-17 1.069589315194789236e-03
2.920555512182757063e-17 1.103119814778971784e-03
2.940820170587066561e-17 1.137701460243492049e-03
2.961225437988031543e-17 1.173367203905698345e-03
2.981772290019661314e-17 1.210151031103374455e-03
3.002461709085555317e-17 1.246564130254033823e-03
3.023294684405776260e-17 1.272469575153332760e-03
3.044272212064293322e-17 1.298913373482786862e-03
3.065395295056536289e-17 1.325906713022329290e-03
3.086664943337274478e-17 1.353461014050396727e-03
3.108082173869057735e-17 1.381587934175786949e-03
3.129648010670763420e-17 1.410299373269639648e-03
3.151363484866482366e-17 1.439607478499899508e-03
3.173229634734973067e-17 1.469524649470718139e-03
3.195247505759200287e-17 1.500063543468307730e-03
3.217418150676377811e-17 1.531237080816035684e-03
3.239742629528195464e-17 1.563058450340569939e-03
3.262222009711659968e-17 1.595541114952000409e-03
3.284857366030053501e-17 1.628698817339587759e-03
3.307649780744242322e-17 1.662545585785865643e-03
3.330600343624581974e-17 1.697095740101930723e-03
3.353710152002942655e-17 1.732363897685720248e-03
3.376980310825095130e-17 1.768364979706174827e-03
3.400411932703702464e-17 1.805114217416305903e-03
3.424006137971411595e-17 1.842627158597029283e-03
3.447764054734471217e-17 1.880919674135172592e-03
3.471686818926559220e-17 1.920007964737908317e-03
3.495775574363264621e-17 1.959908567787185113e-03
3.520031472796689683e-17 2.004883545413050500e-03
3.544455673970435374e-17 2.051810747197267866e-03
3.569049345675222216e-17 2.099836348074210404e-03
3.593813663804640571e-17 2.148986057664814195e-03
3.618749812411284251e-17 2.199286187360743623e-03
3.643858983763540498e-17 2.250763664410046321e-03
3.669142378402479176e-17 2.303446046331932007e-03
3.694601205199310197e-17 2.357361535669314986e-03
3.720236681413065893e-17 2.412538995086248739e-03
3.746050032748981654e-17 2.469007962819427544e-03
3.772042493417009066e-17 2.526798668490731758e-03
3.798215306190736430e-17 2.585942049289905852e-03
3.824569722466991514e-17 2.646469766536607444e-03
3.851107002325584824e-17 2.708414222629521289e-03
3.877828414589461484e-17 2.771808578392165063e-03
3.904735236885555690e-17 2.836686770825350319e-03
3.931828755705754247e-17 2.903083531274457466e-03
3.959110266468466554e-17 2.971034404022356804e-03
3.986581073580438628e-17 3.040575765317080764e-03
4.014242490499309777e-17 3.126027105024267467e-03
4.042095839796318415e-17 3.227824402149228212e-03
4.070142453219438665e-17 3.332936670435154326e-03
4.098383671757252825e-17 3.441471860035157006e-03
4.126820845702968664e-17 3.553541436437784255e-03
4.155455334718879218e-17 3.669260494941492881e-03
4.184288507901576320e-17 3.788747878858175332e-03
4.213321743847271978e-17 3.912126301564536508e-03
4.242556430717785975e-17 4.039522472528850501e-03
4.271993966306776907e-17 4.171067227440784612e-03
4.301635758106781796e-17 4.306895662580399221e-03
4.331483223376411638e-17 4.447147273561390807e-03
4.361537789208005466e-17 4.591966098592381931e-03
4.391800892596076976e-17 4.741500866404953045e-03
4.422273980505915229e-17 4.895905148997356862e-03
4.452958509942659900e-17 5.055337519352201027e-03
4.483855948021181411e-17 5.219961714291752874e-03
4.514967772036083707e-17 5.426398863340815316e-03
4.546295469532408999e-17 5.682302124843535869e-03
4.577840538376616139e-17 5.950273514933040499e-03
4.609604486828419964e-17 6.230882153857406069e-03
4.641588833612791492e-17 6.524724000976909501e-03
4.673795107992463486e-17 6.832423120467195909e-03
4.706224849841271715e-17 7.154633006714960705e-03
4.738879609717670626e-17 7.492037972214707180e-03
4.771760948938750683e-17 7.845354600917023302e-03
4.804870439655124075e-17 8.215333270118939379e-03
4.838209664925937368e-17 8.602759744120962518e-03
4.871780218794640986e-17 9.008456843041837483e-03
4.905583706365045259e-17 9.433286190329967860e-03
4.939621743878305237e-17 9.878150042690591118e-03
4.973895958790078065e-17 1.034399320630600277e-02
5.008407989848212225e-17 1.080260766638989692e-02
5.043159487171348278e-17 1.118708627690704997e-02
5.078152112327691559e-17 1.158524897246325167e-02
5.113387538414331523e-17 1.199758278712974129e-02
5.148867450137487388e-17 1.242459208914410349e-02
5.184593543892891829e-17 1.286679919785352517e-02
5.220567527846985718e-17 1.332474502261874090e-02
5.256791122018419169e-17 1.379898972445413319e-02
5.293266058360544814e-17 1.429011340122204009e-02
5.329994080844103984e-17 1.479871679720903832e-02
5.366976945540476193e-17 1.532542203795663957e-02
5.404216420705904205e-17 1.587087339125119526e-02
5.441714286865909556e-17 1.643573805519289374e-02
5.479472336900292923e-17 1.702070697431279367e-02
5.517492376129117508e-17 1.762649568474277534e-02
5.555776222398854488e-17 1.825384518945929666e-02
5.594325706169388832e-17 1.890352286468235249e-02
5.633142670601351750e-17 1.957632339852985806e-02
5.672228971644526113e-17 2.027306976308764982e-02
5.711586478126446011e-17 2.099461422106975450e-02
5.751217071841613223e-17 2.174183936830664451e-02
5.791122647641746605e-17 2.251565921334478318e-02
5.831305113526242246e-17 2.331702029546284596e-02
5.871766390733261019e-17 2.414690284247899069e-02
5.912508413831868768e-17 2.500632196977492158e-02
5.953533130814394664e-17 2.589632892198594910e-02
5.994842503189420646e-17 2.681801235888407742e-02
6.036438506075864183e-17 2.777249968703688829e-02
6.078323128297211403e-17 2.876095843885126055e-02
6.120498372476715346e-17 2.978459770070551044e-02
6.162966255132941818e-17 3.084466959190349661e-02
6.205728806776487428e-17 3.194247079627870328e-02
6.248788072006913341e-17 3.307934414829936248e-02
6.292146109610350791e-17 3.425668027562418089e-02
6.335804992658241814e-17 3.547591930013131029e-02
6.379766808606256243e-17 3.673855259947535201e-02
6.424033659394203403e-17 3.804612463134895983e-02
6.468607661546320991e-17 3.940023482266276356e-02
6.513490946272782981e-17 4.080253952597979322e-02
6.558685659571449122e-17 4.225475404556730541e-02
6.604193962330304691e-17 4.375865473555812929e-02
6.650018030431104490e-17 4.531608117280368914e-02
6.696160054853242406e-17 4.692893840704645547e-02
6.742622241778349441e-17 4.859919929117757081e-02
6.789406812696098443e-17 5.032890689444951410e-02
6.836516004510266458e-17 5.212017700156015149e-02
6.883952069645510750e-17 5.397520070068195785e-02
6.931717276155400837e-17 5.589624706362163187e-02
6.979813907830639116e-17 5.788566592134885419e-02
7.028244264308367399e-17 5.994589073832257836e-02
7.077010661181890069e-17 6.207944158910395915e-02
7.126115430111730908e-17 6.428892824093529468e-02
7.175560918936949997e-17 6.657705334601024538e-02
7.225349491787221128e-17 6.894661574735909404e-02
7.275483529196218233e-17 7.140051390242034557e-02
7.325965428215200265e-17 7.394174942843363685e-02
7.376797602527746081e-17 7.657343077403475085e-02
7.427982482564910880e-17 7.929877702150898988e-02
7.479522515621797661e-17 8.212112182440306496e-02
7.531420165974391215e-17 8.504391748525352845e-02
7.583677914997190849e-17 8.807073917844505939e-02
7.636298261282226077e-17 9.120528932339756756e-02
7.689283720758337316e-17 9.445140211336949809e-02
7.742636826811277497e-17 9.781304820544506340e-02
7.796360130405221296e-17 1.012943395774795752e-01
7.850456200204541835e-17 1.048995345578748878e-01
7.904927622696436650e-17 1.086330430343691034e-01
7.959777002314977296e-17 1.124994318482527983e-01
8.015006961565380828e-17 1.165034303805294741e-01
8.070620141149523730e-17 1.206499363369205602e-01
8.126619200091945191e-17 1.249440217387376290e-01
8.183006815867372634e-17 1.293909391270268161e-01
8.239785684528545529e-17 1.339961279874821998e-01
8.296958520834915589e-17 1.387652214040278609e-01
8.354528058382854421e-17 1.437040529492593921e-01
8.412497049736084283e-17 1.488186638200695022e-01
8.470868266557419089e-17 1.541153102272744269e-01
8.529644499741016938e-17 1.596004710482084310e-01
8.588828559546223925e-17 1.652808557517477794e-01
8.648423275731744591e-17 1.711634126053404314e-01
8.708431497690724492e-17 1.772553371741301120e-01
8.768856094587409257e-17 1.835640811226395552e-01
8.829699955494119191e-17 1.900973613296546849e-01
8.890965989529166813e-17 1.968631693275145200e-01
8.952657125996382933e-17 2.038697810774292851e-01
9.014776314524954567e-17 2.111257670926443841e-01
9.077326525210242781e-17 2.186400029218971697e-01
9.140310748756222612e-17 2.264216800060720458e-01
9.203731996618192943e-17 2.344803169211703842e-01
9.267593301146902617e-17 2.428257710214866694e-01
9.331897715733238624e-17 2.514682504971204602e-01
9.396648314954671967e-17 2.604183268607307422e-01
9.461848194722031390e-17 2.696869478786221297e-01
9.527500472427300172e-17 2.792854509620574799e-01
9.593608287093127454e-17 2.892255770352867295e-01
9.660174799522605805e-17 2.995194848970456625e-01
9.727203192450557492e-17 3.101797660932667511e-01
9.794696670695385269e-17 3.212194603190525743e-01
9.862658461312790557e-17 3.326520713689558595e-01
9.931091813749820719e-17 3.444915836548340105e-01
9.999999999999999791e-17 3.567524793115885440e-01
1.006938631476025017e-16 3.642156482614595236e-01
1.013925407558814342e-16 3.718349447619601067e-01
1.020960662306047608e-16 3.796136349607809324e-01
1.028044732093307689e-16 3.875550533325717306e-01
1.035177955630176272e-16 3.956626041083373124e-01
1.042360673976403295e-16 4.039397627346944519e-01
1.049593230558226619e-16 4.123900773636974826e-01
1.056875971184804998e-16 4.210171703738328497e-01
1.064209244064726835e-16 4.298247399227863585e-01
1.071593399822671172e-16 4.388165615327389024e-01
1.079028791516181340e-16 4.479964897088229980e-01
1.086515774652537215e-16 4.573684595914145334e-01
1.094054707205743581e-16 4.669364886429904216e-01
1.101645949633654700e-16 4.767046783702957313e-01
1.109289864895222755e-16 4.866772160825458271e-01
1.116986818467824813e-16 4.968583766863569062e-01
1.124737178364750878e-16 5.072525245182777365e-01
1.132541315152812631e-16 5.178641152156594485e-01
1.140399601970035479e-16 5.286976976266078987e-01
1.148312414543511217e-16 5.397579157599453614e-01
1.156280131207372966e-16 5.510495107759630917e-01
1.164303132920875618e-16 5.625773230187907092e-01
1.172381803286599786e-16 5.743462940912826831e-01
1.180516528568803172e-16 5.863614689733378516e-01
1.188707697711903336e-16 5.986279981845422649e-01
1.196955702359045262e-16 6.111511399919882237e-01
1.205260936870841484e-16 6.239362626643459864e-01
1.213623798344241646e-16 6.369888467730911996e-01
1.222044686631491288e-16 6.503144875418040982e-01
1.230524004359261480e-16 6.639188972446845582e-01
1.239062156947913051e-16 6.778079076552372406e-01
1.247659552630868549e-16 6.919874725461496734e-01
1.256316602474121508e-16 7.064636702414671676e-01
1.265033720395901273e-16 7.212427062221898888e-01
1.273811323186478586e-16 7.363309157863909826e-01
1.282649830528062630e-16 7.517347667649028065e-01
1.291549665014882713e-16 7.674608622938935421e-01
1.300511252173409984e-16 7.835159436454484094e-01
1.309535020482670348e-16 7.999068931172803598e-01
1.318621401394748444e-16 8.166407369829780105e-01
1.327770829355426464e-16 8.337246485039627730e-01
1.336983741824945248e-16 8.511659510044173871e-01
1.346260579298911065e-16 8.689721210105385563e-01
1.355601785329366095e-16 8.871507914555030183e-01
1.365007806546013713e-16 9.057097549514941948e-01
1.374479092677539426e-16 9.246569671300802762e-01
1.384016096573130263e-16 9.440005500525687765e-01
1.393619274224143551e-16 9.637487956917093479e-01
1.403289084785876021e-16 9.839101694861270841e-01
1.413025990599533587e-16 1.004493313969217594e+00
1.422830457214349034e-16 1.025507052473948244e+00
1.432702953409829372e-16 1.046960392915115001e+00
1.442643951218158751e-16 1.068862531650720094e+00
1.452653925946778366e-16 1.091222857424178683e+00
1.462733356201129814e-16 1.114050955389012998e+00
1.472882723907504694e-16 1.137356611217620550e+00
1.483102514336103015e-16 1.161149815296116161e+00
1.493393216124253312e-16 1.185440767006931573e+00
1.503755321299741485e-16 1.007586994075956638e+06
1.514189325304352133e-16 1.167982701921466505e+06
1.524695727017576043e-16 1.353911473657877417e+06
1.535275028780421217e-16 1.569437865378195886e+06
1.545927736419478552e-16 1.819273461527292617e+06
1.556654359271058766e-16 2.108879874017595313e+06
1.567455410205595071e-16 2.444588137565228157e+06
1.578331405652119800e-16 2.833737111322430428e+06
1.589282865622976462e-16 3.284833912383747287e+06
1.600310313738701646e-16 3.873079664002413396e+06
1.611414277253023287e-16 4.578020519911742769e+06
1.622595287078087200e-16 5.411267957001637667e+06
1.633853877809863583e-16 6.396175109988380224e+06
1.645190587753660748e-16 7.560345627441355959e+06
1.656605958949915202e-16 8.936407309599313885e+06
1.668100537200055688e-16 1.056292655631920137e+07
1.679674872092653180e-16 1.248548925409344584e+07
1.691329517029650512e-16 1.475797839575286023e+07
1.703065029252842710e-16 1.744408424027759954e+07
1.714881969870540985e-16 2.061908933743277937e+07
1.726780903884359492e-16 2.437197844547151774e+07
1.738762400216250577e-16 2.880793247585904598e+07
1.750827031735726889e-16 3.405127636192934960e+07
1.762975375287204039e-16 4.024896347032272071e+07
1.775208011717636124e-16 4.757469421166049689e+07
1.787525525904231857e-16 5.648604637144132704e+07
1.799928506782476393e-16 6.812286468382258713e+07
1.812417547374239422e-16 8.215701028558279574e+07
1.824993244816150500e-16 9.908236199978087842e+07
1.837656200388172331e-16 1.194945437441204488e+08
1.850407019542305931e-16 1.441118852682081163e+08
1.863246311931559826e-16 1.738007010598486662e+08
1.876174691439123356e-16 2.096057770161035955e+08
1.889192776207664479e-16 2.527871377422726452e+08
1.902301188668945824e-16 3.048643883657289147e+08
1.915500555573524078e-16 3.676701913067997098e+08
1.928791508020777723e-16 4.434147599208097458e+08
1.942174681489028461e-16 5.347636386207965016e+08
1.955650715865947117e-16 6.449315066598019600e+08
1.969220255479173522e-16 7.777953066428897381e+08
1.982883949127075430e-16 9.380306788993960619e+08
1.996642450109793405e-16 1.131276503009750128e+09
2.010496416260501154e-16 1.380053755599117994e+09
2.024446509976801699e-16 1.697994319249183655e+09
2.038493398252464241e-16 2.089182900669825554e+09
2.052637752709248039e-16 2.570494578792595863e+09
2.066880249629082016e-16 3.162692159448789120e+09
2.081221569986341502e-16 3.891321840537489891e+09
2.095662399480430895e-16 4.787815222990693092e+09
2.110203428568596581e-16 5.890845206043933868e+09
2.124845352498887266e-16 7.247994257366929054e+09
2.139588871343421474e-16 8.917807023840879440e+09
2.154434690031886772e-16 1.000000000000000000e+10
2.169383518385182221e-16 1.000000000000000000e+10
2.184436071149428390e-16 1.000000000000000000e+10
2.199593068030070305e-16 1.000000000000000000e+10
2.214855233726359301e-16 1.000000000000000000e+10
2.230223297965940868e-16 1.000000000000000000e+10
2.245697995539771618e-16 1.000000000000000000e+10
2.261280066337279297e-16 1.000000000000000000e+10
2.276970255381684781e-16 1.000000000000000000e+10
2.292769312865648967e-16 1.000000000000000000e+10
2.308677994187171866e-16 1.000000000000000000e+10
2.324697059985645517e-16 1.000000000000000000e+10
2.340827276178294430e-16 1.000000000000000000e+10
2.357069413996723019e-16 1.000000000000000000e+10
2.373424250023866339e-16 1.000000000000000000e+10
2.389892566231052744e-16 1.000000000000000000e+10
2.406475150015421534e-16 1.000000000000000000e+10
2.423172794237600920e-16 1.000000000000000000e+10
2.439986297259555107e-16 1.000000000000000000e+10
2.456916462982790310e-16 1.000000000000000000e+10
2.473964100886816646e-16 1.000000000000000000e+10
2.491130026067786056e-16 1.000000000000000000e+10
2.508415059277541408e-16 1.000000000000000000e+10
2.525820026962779497e-16 1.000000000000000000e+10
2.543345761304648413e-16 1.000000000000000000e+10
2.560993100258461758e-16 1.000000000000000000e+10
2.578762887593798413e-16 1.000000000000000000e+10
2.596655972934872501e-16 1.000000000000000000e+10
2.614673211801097596e-16 1.000000000000000000e+10
2.632815465648020225e-16 1.000000000000000000e+10
2.651083601908541795e-16 1.000000000000000000e+10
2.669478494034318010e-16 1.000000000000000000e+10
2.688001021537607453e-16 1.000000000000000000e+10
2.706652070033235533e-16 1.000000000000000000e+10
2.725432531281027804e-16 1.000000000000000000e+10
2.744343303228368030e-16 1.000000000000000000e+10
2.763385290053166941e-16 1.000000000000000000e+10
2.782559402207125830e-16 1.000000000000000000e+10
2.801866556459201315e-16 1.000000000000000000e+10
2.821307675939470930e-16 1.000000000000000000e+10
2.840883690183306872e-16 1.000000000000000000e+10
2.860595535175739074e-16 1.000000000000000000e+10
2.880444153396298006e-16 1.000000000000000000e+10
2.900430493863985655e-16 1.000000000000000000e+10
2.920555512182744984e-16 1.000000000000000000e+10
2.940820170587066931e-16 1.000000000000000000e+10
2.961225437988031296e-16 1.000000000000000000e+10
2.981772290019673516e-16 1.000000000000000000e+10
3.002461709085555563e-16 1.000000000000000000e+10
3.023294684405776137e-16 1.000000000000000000e+10
3.044272212064305772e-16 1.000000000000000000e+10
3.065395295056523593e-16 1.000000000000000000e+10
3.086664943337274232e-16 1.000000000000000000e+10
3.108082173869057365e-16 1.000000000000000000e+10
3.129648010670750231e-16 1.000000000000000000e+10
3.151363484866482490e-16 1.000000000000000000e+10
3.173229634734973067e-16 1.000000000000000000e+10
3.195247505759213599e-16 1.000000000000000000e+10
3.217418150676378180e-16 1.000000000000000000e+10
3.239742629528195588e-16 1.000000000000000000e+10
3.262222009711673034e-16 1.000000000000000000e+10
3.284857366030040312e-16 1.000000000000000000e+10
3.307649780744242692e-16 1.000000000000000000e+10
3.330600343624581728e-16 1.000000000000000000e+10
3.353710152002928973e-16 1.000000000000000000e+10
3.376980310825095006e-16 1.000000000000000000e+10
3.400411932703702834e-16 1.000000000000000000e+10
3.424006137971425646e-16 1.000000000000000000e+10
3.447764054734471094e-16 1.000000000000000000e+10
3.471686818926559590e-16 1.000000000000000000e+10
3.495775574363278795e-16 1.000000000000000000e+10
3.520031472796675262e-16 1.000000000000000000e+10
3.544455673970435744e-16 1.000000000000000000e+10
3.569049345675222340e-16 1.000000000000000000e+10
3.593813663804625903e-16 1.000000000000000000e+10
3.618749812411284128e-16 1.000000000000000000e+10
3.643858983763540498e-16 1.000000000000000000e+10
3.669142378402494213e-16 1.000000000000000000e+10
3.694601205199309950e-16 1.000000000000000000e+10
3.720236681413066017e-16 1.000000000000000000e+10
3.746050032748996938e-16 1.000000000000000000e+10
3.772042493416993412e-16 1.000000000000000000e+10
3.798215306190736307e-16 1.000000000000000000e+10
3.824569722466991390e-16 1.000000000000000000e+10
3.851107002325568677e-16 1.000000000000000000e+10
3.877828414589461238e-16 1.000000000000000000e+10
3.904735236885555936e-16 1.000000000000000000e+10
3.931828755705770148e-16 1.000000000000000000e+10
3.959110266468466554e-16 1.000000000000000000e+10
3.986581073580438875e-16 1.000000000000000000e+10
4.014242490499326048e-16 1.000000000000000000e+10
4.042095839796301529e-16 1.000000000000000000e+10
4.070142453219439035e-16 1.000000000000000000e+10
4.098383671757252825e-16 1.000000000000000000e+10
4.126820845702951900e-16 1.000000000000000000e+10
4.155455334718879588e-16 1.000000000000000000e+10
4.184288507901575827e-16 1.000000000000000000e+10
4.213321743847289111e-16 1.000000000000000000e+10
4.242556430717785729e-16 1.000000000000000000e+10
4.271993966306776784e-16 1.000000000000000000e+10
4.301635758106799299e-16 1.000000000000000000e+10
4.331483223376394135e-16 1.000000000000000000e+10
4.361537789208005712e-16 1.000000000000000000e+10
4.391800892596076976e-16 1.000000000000000000e+10
4.422273980505897233e-16 1.000000000000000000e+10
4.452958509942660024e-16 1.000000000000000000e+10
4.483855948021181657e-16 1.000000000000000000e+10
4.514967772036101949e-16 1.000000000000000000e+10
4.546295469532408383e-16 1.000000000000000000e+10
4.577840538376616509e-16 1.000000000000000000e+10
4.609604486828438946e-16 1.000000000000000000e+10
4.641588833612772880e-16 1.000000000000000000e+10
4.673795107992463609e-16 1.000000000000000000e+10
4.706224849841272208e-16 1.000000000000000000e+10
4.738879609717650781e-16 1.000000000000000000e+10
4.771760948938750437e-16 1.000000000000000000e+10
4.804870439655124445e-16 1.000000000000000000e+10
4.838209664925956966e-16 1.000000000000000000e+10
4.871780218794640863e-16 1.000000000000000000e+10
4.905583706365045752e-16 1.000000000000000000e+10
4.939621743878325452e-16 1.000000000000000000e+10
4.973895958790057727e-16 1.000000000000000000e+10
5.008407989848212348e-16 1.000000000000000000e+10
5.043159487171348894e-16 1.000000000000000000e+10
5.078152112327670482e-16 1.000000000000000000e+10
5.113387538414330907e-16 1.000000000000000000e+10
5.148867450137487265e-16 1.000000000000000000e+10
5.184593543892912659e-16 1.000000000000000000e+10
5.220567527846985595e-16 1.000000000000000000e+10
5.256791122018418923e-16 1.000000000000000000e+10
5.293266058360566631e-16 1.000000000000000000e+10
5.329994080844082660e-16 1.000000000000000000e+10
5.366976945540476070e-16 1.000000000000000000e+10
5.404216420705903836e-16 1.000000000000000000e+10
5.441714286865887615e-16 1.000000000000000000e+10
5.479472336900292800e-16 1.000000000000000000e+10
5.517492376129117138e-16 1.000000000000000000e+10
5.555776222398877907e-16 1.000000000000000000e+10
5.594325706169388586e-16 1.000000000000000000e+10
5.633142670601351997e-16 1.000000000000000000e+10
5.672228971644549039e-16 1.000000000000000000e+10
5.711586478126422838e-16 1.000000000000000000e+10
5.751217071841613470e-16 1.000000000000000000e+10
5.791122647641746112e-16 1.000000000000000000e+10
5.831305113526219073e-16 1.000000000000000000e+10
5.871766390733261019e-16 1.000000000000000000e+10
5.912508413831868768e-16 1.000000000000000000e+10
5.953533130814370258e-16 1.000000000000000000e+10
5.994842503189421386e-16 1.000000000000000000e+10
6.036438506075863690e-16 1.000000000000000000e+10
6.078323128297235808e-16 1.000000000000000000e+10
6.120498372476690201e-16 1.000000000000000000e+10
6.162966255132942311e-16 1.000000000000000000e+10
6.205728806776487921e-16 1.000000000000000000e+10
6.248788072006887456e-16 1.000000000000000000e+10
6.292146109610350052e-16 1.000000000000000000e+10
6.335804992658241568e-16 1.000000000000000000e+10
6.379766808606281880e-16 1.000000000000000000e+10
6.424033659394203649e-16 1.000000000000000000e+10
6.468607661546321238e-16 1.000000000000000000e+10
6.513490946272809605e-16 1.000000000000000000e+10
6.558685659571422005e-16 1.000000000000000000e+10
6.604193962330305184e-16 1.000000000000000000e+10
6.650018030431104490e-16 1.000000000000000000e+10
6.696160054853215782e-16 1.000000000000000000e+10
6.742622241778348948e-16 1.000000000000000000e+10
6.789406812696098197e-16 1.000000000000000000e+10
6.836516004510238108e-16 1.000000000000000000e+10
6.883952069645510750e-16 1.000000000000000000e+10
6.931717276155399851e-16 1.000000000000000000e+10
6.979813907830667220e-16 1.000000000000000000e+10
7.028244264308337816e-16 1.000000000000000000e+10
7.077010661181889822e-16 1.000000000000000000e+10
7.126115430111730662e-16 1.000000000000000000e+10
7.175560918936921401e-16 1.000000000000000000e+10
7.225349491787221621e-16 1.000000000000000000e+10
7.275483529196217987e-16 1.000000000000000000e+10
7.325965428215229847e-16 1.000000000000000000e+10
7.376797602527745341e-16 1.000000000000000000e+10
7.427982482564910634e-16 1.000000000000000000e+10
7.479522515621828722e-16 1.000000000000000000e+10
7.531420165974360153e-16 1.000000000000000000e+10
7.583677914997190849e-16 1.000000000000000000e+10
7.636298261282226323e-16 1.000000000000000000e+10
7.689283720758305268e-16 1.000000000000000000e+10
7.742636826811277990e-16 1.000000000000000000e+10
7.796360130405220803e-16 1.000000000000000000e+10
7.850456200204509295e-16 1.000000000000000000e+10
7.904927622696436897e-16 1.000000000000000000e+10
7.959777002314977296e-16 1.000000000000000000e+10
8.015006961565413615e-16 1.000000000000000000e+10
8.070620141149491189e-16 1.000000000000000000e+10
8.126619200091945930e-16 1.000000000000000000e+10
8.183006815867372880e-16 1.000000000000000000e+10
8.239785684528510770e-16 1.000000000000000000e+10
8.296958520834915096e-16 1.000000000000000000e+10
8.354528058382853928e-16 1.000000000000000000e+10
8.412497049736117810e-16 1.000000000000000000e+10
8.470868266557419336e-16 1.000000000000000000e+10
8.529644499741016445e-16 1.000000000000000000e+10
8.588828559546258684e-16 1.000000000000000000e+10
8.648423275731709338e-16 1.000000000000000000e+10
8.708431497690723999e-16 1.000000000000000000e+10
8.768856094587408764e-16 1.000000000000000000e+10
8.829699955494083199e-16 1.000000000000000000e+10
8.890965989529167306e-16 1.000000000000000000e+10
8.952657125996382933e-16 1.000000000000000000e+10
9.014776314524917589e-16 1.000000000000000000e+10
9.077326525210243028e-16 1.000000000000000000e+10
9.140310748756222612e-16 1.000000000000000000e+10
9.203731996618230414e-16 1.000000000000000000e+10
9.267593301146901384e-16 1.000000000000000000e+10
9.331897715733238378e-16 1.000000000000000000e+10
9.396648314954671720e-16 1.000000000000000000e+10
9.461848194721992440e-16 1.000000000000000000e+10
9.527500472427299186e-16 1.000000000000000000e+10
9.593608287093126468e-16 1.000000000000000000e+10
9.660174799522645741e-16 1.000000000000000000e+10
9.727203192450556752e-16 1.000000000000000000e+10
9.794696670695385023e-16 1.000000000000000000e+10
9.862658461312830493e-16 1.000000000000000000e+10
9.931091813749820226e-16 1.000000000000000000e+10
1.000000000000000078e-15 1.000000000000000000e+10
