#Orange curve for 100 GRBs in Fig. 5 of https://arxiv.org/abs/1807.11495
7.566594723686403e-17 1.098541141987559
8.911295514807135e-17 0.7906043210907702
1.1032270253301162e-16 0.5963623316594648
1.2665792163491235e-16 0.5098976297913682
1.4543042708186926e-16 0.4159562163071847
1.7118091311191697e-16 0.36696601885809293
2.015251905334037e-16 0.30408373941001465
2.49394582751708e-16 0.2641001862504401
3.010316070047001e-16 0.22229964825261955
3.5876491693574075e-16 0.20235896477251575
4.169666317092701e-16 0.19006912028137762
4.845690413206316e-16 0.18420699693267173
5.846747982233489e-16 0.1785256735482343
7.143751733908863e-16 0.170330537544706
8.727731166345502e-16 0.16768329368110074
1.0269600148068632e-15 0.16768329368110074
1.28619162924512e-15 0.1785256735482342
1.6309368624768385e-15 0.19921394136413853
2.0423672421910184e-15 0.22229964825261944
2.372181339426001e-15 0.26410018625043996
3.045241288977361e-15 0.31871416115850704
3.582155907469907e-15 0.35564803062231287
4.374562590503419e-15 0.4094915062380421
5.477184613583957e-15 0.4864910219855278
6.6053260814397874e-15 0.568986602901829
7.38616672825104e-15 0.790604321090769
8.90333361714693e-15 1.0985411419875573
