#FL
5.401382153557672e-17 0.505082084515171
6.471240993896377e-17 0.41710807814107514
7.299772955980937e-17 0.3624929177259345
8.745648549930171e-17 0.31502631090254235
1.0477910617237397e-16 0.25360226718586265
1.1819428241203828e-16 0.21484424477435052
1.597353051079129e-16 0.17075861187334546
1.9137428628448898e-16 0.15030384251689322
2.2928004191781596e-16 0.13571813518324943
2.917492916877155e-16 0.12571363751521322
4.18769600010853e-16 0.12411391821553676
7.20150310685536e-16 0.1356966228231071
3.2467241329655235e-15 0.17068739333840408
4.131321061244521e-15 0.19390482440478526
4.949617236925927e-15 0.21473313964979526
6.111315831987996e-15 0.2701527444599956
8.014173331971793e-15 0.43309106917483836
1.2976149694107961e-14 0.9923412493817924
