#95.0% confidence interval from FRB microlensing (Fig. 5 of https://arxiv.org/abs/2204.06001 with 1pc screen)
#Columns: PBH mass [Msun], f_PBH
0.000001295 100.00000
0.000002171 100.00000
0.000003641 100.00000
0.000006105 100.00000
0.000010238 37.57011
0.000017167 22.31033
0.000028786 19.63745
0.000048270 6.16183
0.000080940 2.32789
0.000135723 1.11748
0.000227585 0.86627
0.000381621 0.75418
0.000639915 0.72937
0.001073031 0.84798
0.001799294 1.05526
0.003017115 1.28719
0.005059197 1.69553
0.008483429 2.56223
0.014225293 3.49436
0.023853440 4.79056
0.039998234 7.97919
0.067070356 12.54317
0.112465782 21.64848
0.188586328 39.51889
0.316227766 68.94405
0.530261134 100.00000
0.889159334 100.00000
1.490971657 100.00000
2.500110383 100.00000
4.192267435 100.00000
7.029732115 100.00000
11.787686348 100.00000
19.765980717 100.00000
33.144247495 100.00000
55.577365865 100.00000
93.193957623 100.00000
156.270697655 100.00000
262.039852886 100.00000
439.397056076 100.00000
736.795455966 100.00000
1235.482888257 100.00000
2071.698399895 100.00000
3473.892112083 100.00000
5825.136712469 100.00000
9767.781100895 100.00000
16378.937069541 100.00000
27464.741148161 100.00000
46053.782558224 100.00000
77224.499458363 100.00000
