#Blue curve in Fig. 2 of https://arxiv.org/pdf/2003.13349.pdf
177.14731061197392 1.0044974030363436
194.7080168041113 0.9750298323182296
211.13577516109714 0.9512288156052338
232.06282714984295 0.9228943901446435
262.0280216759475 0.8922920187340059
284.1284325281762 0.8707572925360573
316.49658187611897 0.8492209109031086
357.33707196118723 0.8254174110376127
398.03509597431656 0.8061473199197112
461.6376632193824 0.7857416003917861
521.1540768145 0.7710032625864791
604.4069537078466 0.7539969788311248
729.805727472586 0.7403876476958412
857.8012507194696 0.729046262510605
1078.4115004638657 0.7177007387378687
1430.6735036682312 0.7097513398677029
1681.439768761027 0.706341971485132
2484.106826995365 0.7017853866475371
6815.2186445384195 0.6949244362898941
27256.00352702357 0.6778420025245382
402087.6048794949 0.6527472633590155
1045414.6379272763 0.6390907523262309
