# PROJECTED CONSTRAINTS
# Coogan et al. GECCO 2101.10370 Fig. 5 GC Einasto
# Columns: M_PBH [Msun], f_PBH
5.165303250935077e-19  2.681373591538936e-7
5.738251413313527e-19  3.345107381304213e-7
6.338866765929863e-19  4.5107474524610503e-7
7.0656720406586985e-19  5.689115552777551e-7
7.827824818246659e-19  7.061265540504411e-7
8.725268349245134e-19  8.816861593014856e-7
9.725286821830384e-19  0.0000010640768287564116
1.0914723781081995e-18  0.0000013259839762448414
1.2090754581230302e-18  0.0000014965144853200562
1.343360625766019e-18  0.0000016086392069109336
1.497078628188562e-18  0.0000016326984243925672
1.668277085505438e-18  0.0000015470722239423651
1.8590097094535003e-18  0.0000014305714596909284
2.308184894701658e-18  0.0000011158263160822835
2.571996287627435e-18  9.981100234367588e-7
2.8659807016533942e-18  8.99706366045953e-7
3.201062886744541e-18  8.10439072106246e-7
3.5586876211917026e-18  7.50309996976758e-7
3.9566985281302274e-18  7.790494640079694e-7
4.420659035173907e-18  9.681741573902148e-7
5.2297857303815124e-18  0.0000019502098609817867
4.977265272142869e-18  0.000001499759986034925
5.71678495149057e-18  0.0000029838197185039557
6.2483066232895825e-18  0.000003972900533587343
6.964063328231225e-18  0.000004532696833594406
7.76207183805734e-18  0.000005356756409059028
8.525444540113386e-18  0.000006969624626466836
9.43735309396958e-18  0.000011656968908554073
1.0138525778913844e-17  0.000018876063955433702
1.0462463872489486e-17  0.00002496618009198469
1.0921711533222342e-17  0.00003365444060506297
1.1878684640423001e-17  0.000045423400739083934
1.3238478918253936e-17  0.00004812311884610661
1.475548661824311e-17  0.00005694117807502705
1.6126542507240775e-17  0.00007175882291730856
1.7801597769007812e-17  0.0001028186710285458
2.2116693553438046e-17  0.0001549006110633712
2.4650777711338184e-17  0.00018107197803658923
2.7477182326298567e-17  0.00022821893662734667
3.047906414722926e-17  0.000306533502742993
3.347749521150626e-17  0.0004105215669625406
3.677102172120929e-17  0.0005516666718009978
4.078647677029368e-17  0.0007078119644959153
4.440679722856835e-17  0.0008717302389925389
4.968409227555768e-17  0.0010503392931088982
5.538178728450626e-17  0.0013497997763887546
6.112979485108397e-17  0.0017911485433358874
6.648584197409391e-17  0.002409249284737763
7.160232914005275e-17  0.00322999335071056
7.673360118933424e-17  0.004318858160218975
8.263828348607932e-17  0.005758453399585251
9.063128634474699e-17  0.007777699912302867
1.0018604179716325e-16  0.00995609134408984
1.1850462126782777e-16  0.016981174386547563
1.2762800838543777e-16  0.023477561566029988
1.3344574215824076e-16  0.030830833529475965
1.3825912385827354e-16  0.04065917252934715
1.4445623110419402e-16  0.05202304241271996
1.488363011862055e-16  0.07331481140548136
1.65177481850356e-16  0.1646208845980542
1.7788669987030552e-16  0.21787053501222214
1.9306771901888042e-16  0.2976463934600874
2.0429742075200679e-16  0.39192584071977316
2.12798505362508e-16  0.527525886740779
2.2675185200070947e-16  0.9063363389883756
2.2155400363336133e-16  0.7131255013317486




