#Solid red line (delta-r = L_2) in upper panel of Fig. 2 in https://arxiv.org/abs/1908.00078
6.168052586995702e-17 1.1485806704803516
1.2998075995286756e-16 0.42877354712123916
2.0085469012861689e-16 0.21044912725858883
2.740121975470037e-16 0.13958588230858382
3.7373340890383294e-16 0.10050962306605377
5.424547248396867e-16 0.0648667399982411
7.871132343227523e-16 0.04670881776197359
1.2152246003287225e-15 0.031842352454722556
1.6572371151935585e-15 0.02421879219777055
2.4041550750719142e-15 0.018932199185971308
3.709591636926941e-15 0.016066899794692245
8.824087152572841e-15 0.0160724191676456
2.232375820060759e-14 0.017939215421041987
6.391874132873284e-14 0.020023820764568004
1.3428166948554864e-13 0.023605780666787386
3.397146320676638e-13 0.026347569718429626
5.928183295826578e-13 0.02940348647325141
1.3249266410345522e-12 0.03466417769281888
2.960725296563824e-12 0.04316623421116136
6.615648645313083e-12 0.05524564101563824
1.6726853038360503e-11 0.07676176674765121
3.736738158436965e-11 0.10665239130383093
7.846165001103749e-11 0.1522916780479371
1.6471240746913775e-10 0.23607691861447422
3.056044439985544e-10 0.3279798776150723
5.669295414867714e-10 0.4813068676275329
8.736095294267643e-10 0.6686267785706325
1.6204023233794542e-9 1.0364296118156489
