#Solid blue line (optimistic SNR > 5, proj) in Fig. 5 in https://arxiv.org/abs/1712.01396
46.222779422085324 1.3534533736863044
50.5784174173893 1.0802024417235354
55.34449335224028 0.8124447084904898
63.03263368190747 0.5557063517556731
72.510676248333 0.40333889401500483
82.58344447927907 0.29978101362428355
94.05546403546276 0.2201828582718251
101.89379689972576 0.19095359323798136
110.38535563152395 0.16560451188929967
128.90393042977124 0.12906983125686974
156.67608680140125 0.09823540528533072
171.43989644590883 0.08221450637967537
189.4813803811101 0.07565993770555274
233.78750318021466 0.0663995213110549
282.738608825428 0.05827253582332332
341.9392389802633 0.05236874483706211
434.7504967553076 0.04935134225377917
575.3247941016416 0.046507797538923805
742.5444107965501 0.0459590596330415
30249.41649577803 0.04541679619607154
