# Envelope of gravitational wave bounds: LIGO, LIGO-SGWB-O2, LIGO-SGWB-O3, LIGO-SGWB-O1-O2-O3, LIGO-subsolar
#  Columns: PBH mass [Muns], PBH fraction f_PBH
1.000000000000000082e-05 1.000000000000000000e+10
1.023316578330244899e-05 1.000000000000000000e+10
1.047176819485520245e-05 1.000000000000000000e+10
1.071593399822671096e-05 1.000000000000000000e+10
1.096579291267809966e-05 1.000000000000000000e+10
1.122147768207980256e-05 1.000000000000000000e+10
1.148312414543511069e-05 1.000000000000000000e+10
1.175087130904807549e-05 1.000000000000000000e+10
1.202486142037412267e-05 1.000000000000000000e+10
1.230524004359261647e-05 1.000000000000000000e+10
1.259215613694150976e-05 1.000000000000000000e+10
1.288576213185518003e-05 1.000000000000000000e+10
1.318621401394748594e-05 1.000000000000000000e+10
1.349367140588306531e-05 1.000000000000000000e+10
1.380829765218092365e-05 1.000000000000000000e+10
1.413025990599533632e-05 1.000000000000000000e+10
1.445972921792019565e-05 1.000000000000000000e+10
1.479688062686396383e-05 1.000000000000000000e+10
1.514189325304351951e-05 1.000000000000000000e+10
1.549495039314631713e-05 1.000000000000000000e+10
1.585623961771137294e-05 1.000000000000000000e+10
1.622595287078087002e-05 1.000000000000000000e+10
1.660428657187529514e-05 1.000000000000000000e+10
1.699144172034626135e-05 1.000000000000000000e+10
1.738762400216250392e-05 1.000000000000000000e+10
1.779304389918577364e-05 1.000000000000000000e+10
1.820791680099462562e-05 1.000000000000000000e+10
1.863246311931559903e-05 1.000000000000000000e+10
1.906690840512252017e-05 1.000000000000000000e+10
1.951148346846616547e-05 1.000000000000000000e+10
1.996642450109793374e-05 1.000000000000000000e+10
2.043197320195270527e-05 1.000000000000000000e+10
2.090837690555749843e-05 1.000000000000000000e+10
2.139588871343421495e-05 1.000000000000000000e+10
2.189476762856620837e-05 1.000000000000000000e+10
2.240527869300018224e-05 1.000000000000000000e+10
2.292769312865648647e-05 1.000000000000000000e+10
2.346228848142262524e-05 1.000000000000000000e+10
2.400934876860651764e-05 1.000000000000000000e+10
2.456916462982790237e-05 1.000000000000000000e+10
2.514203348142796490e-05 1.000000000000000000e+10
2.572825967447932223e-05 1.000000000000000000e+10
2.632815465648020122e-05 1.000000000000000000e+10
2.694203713681882141e-05 1.000000000000000000e+10
2.757023325609582679e-05 1.000000000000000000e+10
2.821307675939470740e-05 1.000000000000000000e+10
2.887090917359234806e-05 1.000000000000000000e+10
2.954407998880379912e-05 1.000000000000000000e+10
3.023294684405776334e-05 1.000000000000000000e+10
3.093787571730136646e-05 1.000000000000000000e+10
3.165924111983520818e-05 1.000000000000000000e+10
3.239742629528195378e-05 1.000000000000000000e+10
3.315282342319423014e-05 1.000000000000000000e+10
3.392583382740992125e-05 1.000000000000000000e+10
3.471686818926559409e-05 1.000000000000000000e+10
3.552634676578139125e-05 1.000000000000000000e+10
3.635469961293317630e-05 1.000000000000000000e+10
3.720236681413065894e-05 1.000000000000000000e+10
3.806979871402284228e-05 1.000000000000000000e+10
3.895745615775500812e-05 1.000000000000000000e+10
3.986581073580438997e-05 1.000000000000000000e+10
4.079534503452448896e-05 1.000000000000000000e+10
4.174655289253134888e-05 1.000000000000000000e+10
4.271993966306776293e-05 1.000000000000000000e+10
4.371602248248502334e-05 1.000000000000000000e+10
4.473533054498463085e-05 1.000000000000000000e+10
4.577840538376616169e-05 1.000000000000000000e+10
4.684580115873045137e-05 1.000000000000000000e+10
4.793808495089106934e-05 1.000000000000000000e+10
4.905583706365045348e-05 1.000000000000000000e+10
5.019965133110079395e-05 1.000000000000000000e+10
5.137013543351338728e-05 1.000000000000000000e+10
5.256791122018419400e-05 1.000000000000000000e+10
5.379361503980697789e-05 1.000000000000000000e+10
5.504789807854967469e-05 1.000000000000000000e+10
5.633142670601352036e-05 1.000000000000000000e+10
5.764488282925873171e-05 1.000000000000000000e+10
5.898896425508493637e-05 1.000000000000000000e+10
6.036438506075863543e-05 1.000000000000000000e+10
6.177187597338488134e-05 1.000000000000000000e+10
6.321218475812448011e-05 1.000000000000000000e+10
6.468607661546321112e-05 1.000000000000000000e+10
6.619433458774387382e-05 1.000000000000000000e+10
6.773775997517745325e-05 1.000000000000000000e+10
6.931717276155400522e-05 1.000000000000000000e+10
7.093341204987990039e-05 1.000000000000000000e+10
7.258733650817245705e-05 1.000000000000000000e+10
7.427982482564910469e-05 1.000000000000000000e+10
7.601177617955322144e-05 1.000000000000000000e+10
7.778411071286481921e-05 1.000000000000000000e+10
7.959777002314977982e-05 1.000000000000000000e+10
8.145371766280736284e-05 1.000000000000000000e+10
8.335293965098187206e-05 1.000000000000000000e+10
8.529644499741016815e-05 1.000000000000000000e+10
8.728526623848370818e-05 1.000000000000000000e+10
8.932045998580959297e-05 1.000000000000000000e+10
9.140310748756223216e-05 1.000000000000000000e+10
9.353431520292376886e-05 1.000000000000000000e+10
9.571521538991856182e-05 1.000000000000000000e+10
9.794696670695385331e-05 1.000000000000000000e+10
1.002307548283865436e-04 1.000000000000000000e+10
1.025677930744421868e-04 1.000000000000000000e+10
1.049593230558227707e-04 1.000000000000000000e+10
1.074066153333433420e-04 1.000000000000000000e+10
1.099109700929497193e-04 1.000000000000000000e+10
1.124737178364751899e-04 1.000000000000000000e+10
1.150962200885032326e-04 1.000000000000000000e+10
1.177798701197119304e-04 1.000000000000000000e+10
1.205260936870842587e-04 1.000000000000000000e+10
1.233363497913775981e-04 1.000000000000000000e+10
1.262121314522547384e-04 1.000000000000000000e+10
1.291549665014884106e-04 1.000000000000000000e+10
1.321664183946605190e-04 1.000000000000000000e+10
1.352480870417875451e-04 1.000000000000000000e+10
1.384016096573131502e-04 1.000000000000000000e+10
1.416286616299198848e-04 1.000000000000000000e+10
1.449309574126216591e-04 1.000000000000000000e+10
1.483102514336104446e-04 1.000000000000000000e+10
1.517683390283405451e-04 1.000000000000000000e+10
1.553070573933459984e-04 1.000000000000000000e+10
1.589282865622978103e-04 1.000000000000000000e+10
1.626339504048192157e-04 1.000000000000000000e+10
1.664260176485903616e-04 1.000000000000000000e+10
1.703065029252844313e-04 1.000000000000000000e+10
1.742774678408919205e-04 1.000000000000000000e+10
1.783410220710008080e-04 1.000000000000000000e+10
1.824993244816152445e-04 1.000000000000000000e+10
1.867545842761076063e-04 1.000000000000000000e+10
1.911090621689137778e-04 1.000000000000000000e+10
1.955650715865949168e-04 1.000000000000000000e+10
2.001249798969037010e-04 1.000000000000000000e+10
2.047912096665085318e-04 1.000000000000000000e+10
2.095662399480432926e-04 1.000000000000000000e+10
2.144526075971667385e-04 1.000000000000000000e+10
2.194529086203313715e-04 1.000000000000000000e+10
2.245697995539773994e-04 1.000000000000000000e+10
2.298059988758851082e-04 1.000000000000000000e+10
2.351642884494348565e-04 1.000000000000000000e+10
2.406475150015424170e-04 1.000000000000000000e+10
2.462585916350546540e-04 1.000000000000000000e+10
2.520004993764092018e-04 1.000000000000000000e+10
2.578762887593801043e-04 1.000000000000000000e+10
2.638890814457510296e-04 1.000000000000000000e+10
2.700420718837772652e-04 1.000000000000000000e+10
2.763385290053169780e-04 1.000000000000000000e+10
2.827817979625341181e-04 1.000000000000000000e+10
2.893753019050950264e-04 1.000000000000000000e+10
2.961225437988034676e-04 1.000000000000000000e+10
3.030271082866396216e-04 1.000000000000000000e+10
3.100926635931926419e-04 1.000000000000000000e+10
3.173229634734976343e-04 1.000000000000000000e+10
3.247218492073128513e-04 1.000000000000000000e+10
3.322932516398971773e-04 1.000000000000000000e+10
3.400411932703705929e-04 1.000000000000000000e+10
3.479697903887691386e-04 1.000000000000000000e+10
3.560832552629278054e-04 1.000000000000000000e+10
3.643858983763544296e-04 1.000000000000000000e+10
3.728821307182833642e-04 1.000000000000000000e+10
3.815764661271248614e-04 1.000000000000000000e+10
3.904735236885560211e-04 1.000000000000000000e+10
3.995780301895269734e-04 1.000000000000000000e+10
4.088948226294864268e-04 1.000000000000000000e+10
4.184288507901584705e-04 1.000000000000000000e+10
4.281851798652415507e-04 1.000000000000000000e+10
4.381689931514194582e-04 1.000000000000000000e+10
4.483855948021190545e-04 1.000000000000000000e+10
4.588404126454761296e-04 1.000000000000000000e+10
4.695390010680062978e-04 1.000000000000000000e+10
4.804870439655133953e-04 1.000000000000000000e+10
4.916903577628031373e-04 1.000000000000000000e+10
5.031548945038056761e-04 1.000000000000000000e+10
5.148867450137497919e-04 1.000000000000000000e+10
5.268921421350676549e-04 1.000000000000000000e+10
5.391774640387505179e-04 1.000000000000000000e+10
5.517492376129128854e-04 1.000000000000000000e+10
5.646141419303672649e-04 1.000000000000000000e+10
5.777790117970506940e-04 1.000000000000000000e+10
5.912508413831881436e-04 1.000000000000000000e+10
6.050367879391224625e-04 1.000000000000000000e+10
6.191441755977847598e-04 1.000000000000000000e+10
6.335804992658254208e-04 1.000000000000000000e+10
6.483534286054726779e-04 1.000000000000000000e+10
6.634708121092351002e-04 1.000000000000000000e+10
6.789406812696112013e-04 1.000000000000000000e+10
6.947712548460240100e-04 1.000000000000000000e+10
7.109709432312438749e-04 1.000000000000000000e+10
7.275483529196232748e-04 1.000000000000000000e+10
7.445122910795143496e-04 1.000000000000000000e+10
7.618717702322999347e-04 1.000000000000000000e+10
7.796360130405237399e-04 1.000000000000000000e+10
7.978144572076628855e-04 1.000000000000000000e+10
8.164167604921471590e-04 1.000000000000000000e+10
8.354528058382871408e-04 1.000000000000000000e+10
8.549327066268385105e-04 1.000000000000000000e+10
8.748668120479914266e-04 1.000000000000000000e+10
8.952657125996401179e-04 1.000000000000000000e+10
9.161402457138521178e-04 1.000000000000000000e+10
9.375015015145289968e-04 1.000000000000000000e+10
9.593608287093146345e-04 1.000000000000000000e+10
9.817298406188841586e-04 1.000000000000000000e+10
1.004620421346813248e-03 1.000000000000000000e+10
1.028044732093309679e-03 1.000000000000000000e+10
1.052015217616159145e-03 1.000000000000000000e+10
1.076544612842315982e-03 1.000000000000000000e+10
1.101645949633656921e-03 1.000000000000000000e+10
1.127332563710487130e-03 1.000000000000000000e+10
1.153618101736478534e-03 1.000000000000000000e+10
1.180516528568805639e-03 1.000000000000000000e+10
1.208042134677328851e-03 1.000000000000000000e+10
1.236209543736769200e-03 1.000000000000000000e+10
1.265033720395903781e-03 1.000000000000000000e+10
1.294529978227915981e-03 1.000000000000000000e+10
1.324713987866117399e-03 1.000000000000000000e+10
1.355601785329368925e-03 1.000000000000000000e+10
1.387209780541621062e-03 1.000000000000000000e+10
1.419554766050101563e-03 1.000000000000000000e+10
1.452653925946781202e-03 1.000000000000000000e+10
1.486524844997857194e-03 1.000000000000000000e+10
1.521185517986104949e-03 1.000000000000000000e+10
1.556654359271062099e-03 1.000000000000000000e+10
1.592950212572122977e-03 1.000000000000000000e+10
1.630092360979741193e-03 1.000000000000000000e+10
1.668100537200059227e-03 1.000000000000000000e+10
1.706994934038407906e-03 1.000000000000000000e+10
1.746796215127245774e-03 1.000000000000000000e+10
1.787525525904235402e-03 1.000000000000000000e+10
1.829204504846293749e-03 1.000000000000000000e+10
1.871855294965579265e-03 1.000000000000000000e+10
1.915500555573527823e-03 1.000000000000000000e+10
1.960163474319185500e-03 1.000000000000000000e+10
2.005867779508234156e-03 1.000000000000000000e+10
2.052637752709252084e-03 1.000000000000000000e+10
2.100498241653915316e-03 1.000000000000000000e+10
2.149474673437980470e-03 1.000000000000000000e+10
2.199593068030074750e-03 1.000000000000000000e+10
2.250880052095461867e-03 1.000000000000000000e+10
2.303362873142131284e-03 1.000000000000000000e+10
2.357069413996727789e-03 1.000000000000000000e+10
2.412028207618007077e-03 1.000000000000000000e+10
2.468268452255692556e-03 9.506836304136074833e-01
2.525820026962784671e-03 9.400812270527990622e-01
2.584713507469563968e-03 9.295970659267669411e-01
2.644980182427719966e-03 9.192298283509062751e-01
2.706652070033241288e-03 9.089782103471094610e-01
2.769761935036890721e-03 8.988409224797535568e-01
2.834343306151309184e-03 8.888166896935159045e-01
2.900430493863991651e-03 8.789042511530003043e-01
2.968058608665602276e-03 8.691023600841499830e-01
3.037263579703311511e-03 8.594097836174301452e-01
3.108082173869063970e-03 8.498253026327592385e-01
3.180552015332919948e-03 8.403477116061697227e-01
3.254711605531848163e-03 8.309758184581782503e-01
3.330600343624588386e-03 8.217084444038480484e-01
3.408258547423452002e-03 8.125444238045224088e-01
3.487727474814177487e-03 8.034826040212121878e-01
3.569049345675229679e-03 7.945218452696184430e-01
3.652267364308175480e-03 7.856610204767718875e-01
3.737425742391064371e-03 7.768990151392706212e-01
3.824569722466999305e-03 7.682347271830998192e-01
3.913745601980383668e-03 7.596670668250139480e-01
4.005000757873610970e-03 7.511949564354652997e-01
4.098383671757261509e-03 7.428173304030609714e-01
4.193943955667186335e-03 7.345331350005317450e-01
4.291732378422157684e-03 7.263413282521957726e-01
4.391800892596085977e-03 7.182408798028996344e-01
4.494202662119141725e-03 7.102307707884221166e-01
4.598992090522438167e-03 7.023099937073224996e-01
4.706224849841281720e-03 6.944775522942181478e-01
4.815957910192351227e-03 6.867324613944760792e-01
4.928249570040513054e-03 6.790737468403006405e-01
5.043159487171358993e-03 6.715004453282046315e-01
5.160748710385907809e-03 6.640116042978455591e-01
5.281079711934331088e-03 6.566062818122144762e-01
5.404216420705915298e-03 6.492835464391598643e-01
5.530224256192900478e-03 6.420424771342332360e-01
5.659170163246242738e-03 6.348821631248416919e-01
5.791122647641758041e-03 6.278017037956917790e-01
5.926151812475552276e-03 6.208002085755113253e-01
6.064329395408061575e-03 6.137863385853267184e-01
6.205728806776500406e-03 6.059912834858824926e-01
6.350425168595961664e-03 5.982952251874154026e-01
6.498495354469888304e-03 5.906969064356175636e-01
6.650018030431118291e-03 5.831950859432464274e-01
6.805073696735206880e-03 5.757885381873441011e-01
6.963744730628221996e-03 5.684760532090313845e-01
7.126115430111745405e-03 5.612564364158449948e-01
7.292272058728312828e-03 5.541285083865851169e-01
7.462302891391108146e-03 5.470911046786403054e-01
7.636298261282242067e-03 5.401430756377610942e-01
7.814350607844541483e-03 5.332832862102480087e-01
7.996554525892346499e-03 5.265106157575255574e-01
8.183006815867388886e-03 5.198239578730708965e-01
8.373806535266490117e-03 5.132222202016670787e-01
8.569055051268347975e-03 5.067043242609530207e-01
8.768856094587426653e-03 5.002692052652381038e-01
8.973315814583519498e-03 4.939158119515556500e-01
9.182542835656282154e-03 4.876431064079247424e-01
9.396648314954691300e-03 4.814500639037936902e-01
9.615746001432095430e-03 4.753356727226363265e-01
9.839952296278226679e-03 4.692989339966746609e-01
1.006938631476027128e-02 4.633388615437001312e-01
1.030416994950587514e-02 4.574544817059680857e-01
1.054442793526168438e-02 4.516448331911372960e-01
1.079028791516183604e-02 4.459089669152299651e-01
1.104188050854160164e-02 4.402459458475865284e-01
1.129933938033221737e-02 4.346548448577886026e-01
1.156280131207375328e-02 4.291347505645269900e-01
1.183240627458377950e-02 4.236847611863882590e-01
1.210829750232039412e-02 4.183039863945367531e-01
1.239062156947915577e-02 4.129915471672676586e-01
1.267952846786433996e-02 4.077465756464067614e-01
1.297517168657586796e-02 4.025682149955341349e-01
1.327770829355429116e-02 3.974556192600088300e-01
1.358729901902709127e-02 3.924079532287702010e-01
1.390410834090069665e-02 3.874243922978956589e-01
1.422830457214351897e-02 3.825041223358900955e-01
1.456005995020648487e-02 3.776463395506867160e-01
1.489955072852853710e-02 3.728502503583369654e-01
1.524695727017572923e-02 3.681150712533678426e-01
1.560246414366367983e-02 3.634400286807854541e-01
1.596626022101425152e-02 3.588243589097053210e-01
1.633853877809861993e-02 3.542673079085853494e-01
1.671949759731990170e-02 3.497681312220464744e-01
1.710933907269015022e-02 3.453260938492540011e-01
1.750827031735725098e-02 3.409404701238465951e-01
1.791650327363901452e-02 3.366105435953885006e-01
1.833425482562290806e-02 3.323356069123278300e-01
1.876174691439121481e-02 3.281149617064412771e-01
1.919920665593284614e-02 3.239479184787462107e-01
1.964686646180446514e-02 3.198337964868618877e-01
2.010496416260499145e-02 3.157719236338007995e-01
2.057374313432913659e-02 3.117616363581728889e-01
2.105345242766706176e-02 3.078022795257839284e-01
2.154434690031884619e-02 3.038932063226102986e-01
2.204668735239409885e-02 3.000337781491332900e-01
2.256074066496861416e-02 2.962233645160156081e-01
2.308677994187169694e-02 2.924613429411022092e-01
2.362508465477947475e-02 2.887470988477296441e-01
2.417594079169130966e-02 2.850800254643265919e-01
2.473964100886814205e-02 2.814595237252895399e-01
2.531648478631355614e-02 2.778850021731175679e-01
2.590677858688008803e-02 2.743558768617898602e-01
2.651083601908538895e-02 2.708715712613701809e-01
2.712897800372467139e-02 2.674315161638228244e-01
2.776153294436800936e-02 2.640351495900251089e-01
2.840883690183304208e-02 2.606819166979604807e-01
2.907123377272578454e-02 2.573712696920776311e-01
2.974907547214440673e-02 2.541026677338006357e-01
3.044272212064302874e-02 2.508755768531759633e-01
3.115254223555487950e-02 2.476894698616410595e-01
3.187891292677645649e-02 2.445438262659011264e-01
3.262222009711669701e-02 2.414381321828995841e-01
3.338285864731761060e-02 2.383718802558685013e-01
3.416123268585528200e-02 2.353445695714449504e-01
3.495775574363275268e-02 2.323607898427350604e-01
3.577285099367873145e-02 2.294288952790823899e-01
3.660695147596902677e-02 2.265339949335084535e-01
3.746050032748993175e-02 2.236756220183638844e-01
3.833395101766601254e-02 2.208533156358579996e-01
3.922776758927719321e-02 2.180666207037410542e-01
4.014242490499322219e-02 2.153150878819249658e-01
4.107840889965647113e-02 2.125982735000291612e-01
4.203621683844713935e-02 2.099157394858414127e-01
4.301635758106794882e-02 2.072670532946806199e-01
4.401935185208874501e-02 2.046517878396515722e-01
4.504573251759458330e-02 2.020695214227790359e-01
4.609604486828433600e-02 1.995198376670115070e-01
4.717084690917017209e-02 1.970023254490822773e-01
4.827070965603182801e-02 1.945165788332181844e-01
4.939621743878321036e-02 1.920621970056843042e-01
5.054796821191240297e-02 1.896387842101551480e-01
5.172657387216018920e-02 1.872459496839006809e-01
5.293266058360561466e-02 1.848833075947781679e-01
5.416686911033152113e-02 1.825504769790184112e-01
5.542985515684668851e-02 1.802470816797976660e-01
5.672228971644543288e-02 1.779727502865839917e-01
5.804485942768977669e-02 1.757271160752495454e-01
5.939826693920356032e-02 1.735098169489379116e-01
6.078323128297229844e-02 1.713204953796780283e-01
6.220048825634711537e-02 1.691587983507347459e-01
6.365079081295571539e-02 1.670243772996864995e-01
6.513490946272802729e-02 1.649168880622215727e-01
6.665363268124913088e-02 1.628359908166432946e-01
6.820776732865685421e-02 1.376281571843100959e-01
6.979813907830660635e-02 1.371499184663275417e-01
7.142559285543126357e-02 1.366733415614219960e-01
7.309099328602911005e-02 1.361984206950240528e-01
7.479522515621821188e-02 1.358611600395627506e-01
7.653919388230147336e-02 1.356225941719404193e-01
7.832382599179196769e-02 1.353844472148675315e-01
8.015006961565404597e-02 1.351467184327566073e-01
8.201889499202202893e-02 1.347255241358275568e-01
8.393129498166364277e-02 1.340095555398803095e-01
8.588828559546249353e-02 1.332973917985340873e-01
8.789090653419955046e-02 1.325890126917420309e-01
8.994022174092043687e-02 1.318409497449346546e-01
9.203731996618221001e-02 1.308777847323593091e-01
9.418331534647951531e-02 1.299216561287543925e-01
9.637934799615785475e-02 1.289725125295831665e-01
9.862658461312820424e-02 1.280303029058452446e-01
1.009262190987048335e-01 5.661853140954332952e-02
1.032794731918952463e-01 5.493093236030809762e-02
1.056875971184805113e-01 5.329363469615081700e-02
1.081518702552289185e-01 5.170513910990966189e-02
1.106736018095974550e-01 5.016399098348985064e-02
1.132541315152812700e-01 4.866877905583973096e-02
1.158948303439811811e-01 4.721813413063011972e-02
1.185971012337670577e-01 4.566451874325144766e-02
1.213623798344241750e-01 4.402881132254832242e-02
1.241921352701784581e-01 4.245169509780601785e-02
1.270878709202059587e-01 4.093107132679189852e-02
1.300511252173409960e-01 3.946491644442039204e-02
1.330834724654076096e-01 3.805127936990054111e-02
1.361865236756082675e-01 3.657462577237588497e-02
1.393619274224143501e-01 3.506272491534290214e-02
1.426113707194129887e-01 3.361332214689526782e-02
1.459365799155757648e-01 3.222383395697098196e-02
1.493393216124253298e-01 3.089178363116205570e-02
1.528214036025870859e-01 2.973343970936130273e-02
1.563846758302247786e-01 2.886323244007796621e-02
1.600310313738701751e-01 2.801849348858482733e-02
1.637624074521689121e-01 2.719847747474780225e-02
1.675807864530768909e-01 2.640246083344031242e-02
1.714881969870540868e-01 2.564560223153029145e-02
1.754867149648152158e-01 2.491838739135681866e-02
1.795784647002096890e-01 2.421179368610519925e-02
1.837656200388172456e-01 2.352523637632571163e-02
1.880504055128583429e-01 2.282826672229287118e-02
1.924350975230332272e-01 2.211341652428684343e-02
1.969220255479173509e-01 2.142095132869057880e-02
2.015135733815558439e-01 2.075017016579841153e-02
2.062121803999144576e-01 2.008055978904782837e-02
2.110203428568596662e-01 1.941954374545415418e-02
2.159406152103567622e-01 1.878028716546500249e-02
2.209756114795903281e-01 1.817453513612128993e-02
2.261280066337279515e-01 1.774035259314531501e-02
2.314005380130653988e-01 1.731654250147074414e-02
2.367960067833078663e-01 1.690285706728886922e-02
2.423172794237600791e-01 1.646592126257597974e-02
2.479672892502160220e-01 1.603303215791117980e-02
2.537490379733571833e-01 1.561152370871953486e-02
2.596655972934872603e-01 1.517177488436410697e-02
2.657201105324506485e-01 1.473589391311768207e-02
2.719157943036019098e-01 1.431253568377474639e-02
2.782559402207125943e-01 1.386820167321780803e-02
2.847439166467247706e-01 1.343556931791039036e-02
2.913831704832788860e-01 1.301227691556556924e-02
2.981772290019673588e-01 1.259204190812603444e-02
3.051297017182870719e-01 1.218537850407487404e-02
3.122442823092858033e-01 1.188883066016109720e-02
3.195247505759213347e-01 1.162902440708373300e-02
3.269749744511767919e-01 1.137491669403464453e-02
3.345989120549974771e-01 1.112639279109209518e-02
3.424006137971425390e-01 1.088155793325006060e-02
3.503842245290675894e-01 1.063264673315812529e-02
3.585539857459816848e-01 1.038937553633824569e-02
3.669142378402494020e-01 1.014368830220621631e-02
3.754694224073336639e-01 9.903811062794682860e-03
3.842240846055061110e-01 9.655029121463314101e-03
3.931828755705770173e-01 9.411663732508077432e-03
4.023505548869293347e-01 9.161007824851097672e-03
4.117319931161679269e-01 8.916132558908558547e-03
4.213321743847289191e-01 8.673620171358663311e-03
4.311561990318228399e-01 8.442125145170101611e-03
4.412092863191189873e-01 8.223845466978270749e-03
4.514967772036102001e-01 8.017124411765554418e-03
4.620241371751312998e-01 7.818287605792013928e-03
4.727969591600390542e-01 7.616163074459782537e-03
4.838209664925957054e-01 7.415474619602189024e-03
4.951020159556351330e-01 7.215094297882836474e-03
5.066461008921268050e-01 7.018032783854375942e-03
5.184593543892912493e-01 6.823202643029368034e-03
5.305480525369574707e-01 6.629825105583350003e-03
5.429186177618943177e-01 6.433544013274786894e-03
5.555776222398878250e-01 6.238648644256970105e-03
5.685317913873753071e-01 6.045396004544633523e-03
5.817880074344935482e-01 5.853985825237014926e-03
5.953533130814370189e-01 5.666995730975229323e-03
6.092349152400711176e-01 5.490724725686889698e-03
6.234401888627864041e-01 5.361774993430465201e-03
6.379766808606281980e-01 5.281322996656747336e-03
6.528521141127847649e-01 5.199388641241163567e-03
6.680743915695614987e-01 5.115150064796671232e-03
6.836516004510237998e-01 5.028938880778029662e-03
6.995920165435374205e-01 4.942350907741564076e-03
7.159041085964887863e-01 4.854313165211793756e-03
7.325965428215229780e-01 4.764756084965910375e-03
7.496781874966876869e-01 4.674226289628302319e-03
7.671581176779301847e-01 4.582191818969065522e-03
7.850456200204509738e-01 4.488875907800289611e-03
8.033501977124734017e-01 4.394443080761268813e-03
8.220815755240540312e-01 4.300987783365010919e-03
8.412497049736118448e-01 4.209114543402015136e-03
8.608647696149244188e-01 4.117074410572955055e-03
8.809371904473990433e-01 4.029788701478058226e-03
9.014776314524917122e-01 3.945034554438514238e-03
9.224970052592174063e-01 3.859795543080396258e-03
9.440064789417603741e-01 3.773656555954027405e-03
9.660174799522646127e-01 3.687236181988036172e-03
9.885417021919573610e-01 3.603963224228238799e-03
1.011591112223829692e+00 3.520709151139288055e-03
1.035177955630176339e+00 3.436754479290694136e-03
1.059314763518369951e+00 3.352427660041604543e-03
1.084014359178330889e+00 3.267551050711233872e-03
1.109289864895222744e+00 3.182444286097096519e-03
1.135154708920999012e+00 3.097103055913758354e-03
1.161622632608501959e+00 3.013201508675310281e-03
1.188707697711903322e+00 2.929792912473536473e-03
1.216424293857367944e+00 2.846390802998954948e-03
1.244787146187906091e+00 2.793379456259791581e-03
1.273811323186478495e+00 2.750538479923285429e-03
1.303512244681508836e+00 2.706584903577969117e-03
1.333905690039058678e+00 2.661879567391020694e-03
1.365007806546013835e+00 2.617136977845195382e-03
1.396835117988739716e+00 2.572974745885270222e-03
1.429404533431761104e+00 2.527961278963937897e-03
1.462733356201129986e+00 2.482284682749946389e-03
1.496839293077255606e+00 2.435841423845571709e-03
1.531740463702079724e+00 2.388679077835871752e-03
1.567455410205595090e+00 2.340848498418263233e-03
1.604003107056819921e+00 2.292842219289165182e-03
1.641402971144466427e+00 2.247291928430949527e-03
1.679674872092653093e+00 2.201305169618404580e-03
1.718839142817145671e+00 2.154610641017681155e-03
1.758916590327732621e+00 2.141713046562382806e-03
1.799928506782476401e+00 2.136548386160124977e-03
1.841896680799710806e+00 2.130666818486356192e-03
1.884843409033795325e+00 2.124213502593564219e-03
1.928791508020777812e+00 2.114088859238927916e-03
1.973764326300255334e+00 2.102354813117578332e-03
2.019785756819878486e+00 2.089746422513508953e-03
2.066880249629082122e+00 2.076131420811634393e-03
2.115072824868794665e+00 2.061482603339026640e-03
2.164389086064020251e+00 2.045867092763426539e-03
2.214855233726359174e+00 2.029192913984316157e-03
2.266498079273692845e+00 2.011464311199132569e-03
2.319345059274427356e+00 1.992704217831110011e-03
2.373424250023866033e+00 1.972766910980462869e-03
2.428764382460450566e+00 1.050135877988108909e-02
2.485394857429798599e+00 1.034288219469518301e-02
2.543345761304648178e+00 1.018679718840669567e-02
2.602647881969004651e+00 1.003306766956643323e-02
2.663332725174980542e+00 9.881658091383254891e-03
2.725432531281027693e+00 9.732533443504609583e-03
2.788980292380439430e+00 9.585659243921115791e-03
2.854009769829237264e+00 9.441001530993271135e-03
2.920555512182744895e+00 9.298526855598582969e-03
2.988652873550382782e+00 9.158202273397097332e-03
3.058338032378431492e+00 9.019995337213719891e-03
3.129648010670750491e+00 8.883874089535464050e-03
3.202620693657650008e+00 8.749807055121934865e-03
3.277294849923381825e+00 8.617763233727331398e-03
3.353710152002928879e+00 8.487712092932270941e-03
3.431907197459042713e+00 8.359623561083799267e-03
3.511927530450727808e+00 8.233468020341937199e-03
3.593813663804625858e+00 8.109216299831170996e-03
3.677609101601030606e+00 7.986839668895255942e-03
3.763358362286532532e+00 7.866309830453893301e-03
3.851107002325568907e+00 7.747598914459575409e-03
3.940901640403447814e+00 7.630679471453221535e-03
4.032789982193705214e+00 7.515524466217051933e-03
4.126820845702951601e+00 7.402107271523252451e-03
4.223044187206672184e+00 7.290401661976975145e-03
4.321511127789761986e+00 7.180381807952251547e-03
4.422273980505896596e+00 7.072022269619426468e-03
4.525386278170167031e+00 6.965297991062725444e-03
4.630902801799736679e+00 6.860184294486559343e-03
4.738879609717651320e+00 6.756656874509339716e-03
4.849374067335233462e+00 6.654691792543323409e-03
4.962444877628913176e+00 6.554265471259318986e-03
5.078152112327670942e+00 6.455354689134909681e-03
5.196557243827657047e+00 6.357936575084956882e-03
5.317723177850966820e+00 6.261988603173130816e-03
5.441714286865887651e+00 6.167488587403249789e-03
5.568596444286408875e+00 6.074414676589226687e-03
5.698437059469136479e+00 5.982745349302428378e-03
5.831305113526219053e+00 5.892459408895291822e-03
5.967271195973310682e+00 5.803535978600030294e-03
6.106407542232036079e+00 5.715954496701319484e-03
6.248788072006887795e+00 5.629694711781800358e-03
6.394488428556936555e+00 5.544736678039386552e-03
6.543586018883228661e+00 5.461060750675187161e-03
6.696160054853215193e+00 5.378647581351056126e-03
6.852291595284057735e+00 5.297478113715688337e-03
7.012063589007176745e+00 5.217533578998225126e-03
7.175560918936921162e+00 5.138795491668368166e-03
7.342870447166758296e+00 5.061245645161980937e-03
7.514081061116962168e+00 4.984866107671177653e-03
7.689283720758305130e+00 4.909639217997988948e-03
7.868571506936843818e+00 4.835547581470554801e-03
8.052039670825470452e+00 4.762574065920970393e-03
8.239785684528511567e+00 4.690701797723820406e-03
8.431909292866251349e+00 4.619914157894503166e-03
8.628512566366886460e+00 4.550194778246431301e-03
8.829699955494083596e+00 4.481527537606225069e-03
9.035578346138921191e+00 4.413896558086022326e-03
9.246257116405733001e+00 4.347286201412043846e-03
9.461848194721993011e+00 4.281681065308562233e-03
9.682466119303114738e+00 4.217065979936444366e-03
9.908228099003787648e+00 4.153426004385437319e-03
1.013925407558814307e+01 4.082438135405386422e-03
1.037566678745184845e+01 4.007228573217928684e-03
1.061759183482999092e+01 3.933404574768809524e-03
1.086515774652537303e+01 3.860940614223049364e-03
1.111849604819269821e+01 3.789811636000662860e-03
1.137774133221490303e+01 3.719993046113264680e-03
1.164303132920875683e+01 3.651460703660315381e-03
1.191450698119774820e+01 3.584190912482027556e-03
1.219231251649109460e+01 3.518160412966010991e-03
1.247659552630868518e+01 3.453346374004917247e-03
1.276750704319264429e+01 3.389726385102191479e-03
1.306520162124719953e+01 3.327278448623294249e-03
1.336983741824945149e+01 3.265980972189674609e-03
1.368157627967470447e+01 3.205812761212838580e-03
1.400058382468096063e+01 3.146753011565988148e-03
1.432702953409829405e+01 3.088781302390671609e-03
1.466108684046982980e+01 3.031877589035918662e-03
1.500293322019216724e+01 2.976022196127505771e-03
1.535275028780421103e+01 2.921195810764857723e-03
1.571072389247448875e+01 2.867379475843310262e-03
1.607704421673821926e+01 2.814554583499396731e-03
1.645190587753660694e+01 2.762702868676856268e-03
1.683550802961200787e+01 2.711806402811222944e-03
1.722805447131392143e+01 2.661847587630714225e-03
1.762975375287203761e+01 2.612809149071356179e-03
1.804081928719380912e+01 2.564674131304203481e-03
1.846146946324545723e+01 2.517425890872573412e-03
1.889192776207664437e+01 2.471048090937313230e-03
1.933242287555043148e+01 2.425524695628079961e-03
1.978318882784162369e+01 2.380839964498666309e-03
2.024446509976801778e+01 2.337507021297967683e-03
2.071649675602066765e+01 2.295428452721505648e-03
2.119953457536068697e+01 2.254107360343964288e-03
2.169383518385182086e+01 2.213530108478312716e-03
2.219966119119952452e+01 2.173683306899959044e-03
2.271728133026902796e+01 2.134553806428079233e-03
2.324697059985645353e+01 2.096128694586465221e-03
2.378901041078890799e+01 2.058395291342495458e-03
2.434368873543107981e+01 2.021341144922807979e-03
2.491130026067785863e+01 1.984954027704298202e-03
2.549214654451420614e+01 1.949221932179082736e-03
2.608653617622550769e+01 1.914133066992101690e-03
2.669478494034323646e+01 1.879675853050054562e-03
2.731721598441379228e+01 1.845838919700366681e-03
2.795415999067859403e+01 1.812611100978955229e-03
2.860595535175744786e+01 1.779981431925534759e-03
2.927294835042819088e+01 1.747939144965250744e-03
2.995549334359816385e+01 1.716473666355453065e-03
3.065395295056529790e+01 1.685574612696431364e-03
3.136869824566879572e+01 1.655231787504956057e-03
3.210010895543175025e+01 1.625435177849515224e-03
3.284857366030046677e+01 1.596174951046108303e-03
3.361449000108768814e+01 1.567441451413525413e-03
3.439826489022927802e+01 1.539225197087037847e-03
3.520031472796682692e+01 1.511516876889445029e-03
3.602106562357073472e+01 1.484307347258447072e-03
3.686095362172161316e+01 1.457587629229332256e-03
3.772042493417001197e+01 1.431348905471971095e-03
3.859993617679771205e+01 1.405582517381165526e-03
3.949995461220647286e+01 1.380279962219359844e-03
4.042095839796309775e+01 1.357820932014350279e-03
4.136343684063277948e+01 1.338555690897146305e-03
4.232789065573552989e+01 1.319563791799166757e-03
4.331483223376402947e+01 1.300841356447673524e-03
4.432478591240400334e+01 1.282384561596221044e-03
4.535828825510191109e+01 1.264189638243934681e-03
4.641588833612782139e+01 1.246252870865845143e-03
4.749814803228504445e+01 1.228570596654164019e-03
4.860564232142138508e+01 1.211139204770303110e-03
4.973895958790068050e+01 1.193955135607527611e-03
5.089870193519684705e+01 1.177014880064051030e-03
5.208548550577665281e+01 1.160314978826461904e-03
5.329994080844092963e+01 1.143852021663299950e-03
5.454271305329836395e+01 1.127622646728673652e-03
5.581446249454966591e+01 1.111623539875738684e-03
5.711586478126434940e+01 1.095851433979937390e-03
5.844761131633637774e+01 1.080303108271819801e-03
5.981040962380944137e+01 1.064975387679350984e-03
6.120498372476702542e+01 1.049865142179530388e-03
6.263207452198692238e+01 1.034969286159229725e-03
6.409244019356457045e+01 1.020284777785080690e-03
6.558685659571435167e+01 1.005808618382321657e-03
6.711611767496286518e+01 9.915378518224394252e-04
6.868103588995307973e+01 9.774695639195158086e-04
7.028244264308352740e+01 9.636008818351244568e-04
7.192118872221192305e+01 9.499289734916847817e-04
7.359814475265771705e+01 9.364510469941255333e-04
7.531420165974375891e+01 9.231643500597691218e-04
7.707027114212303331e+01 9.100661694562890182e-04
7.886728615614156013e+01 8.971538304476572899e-04
8.070620141149507276e+01 8.844246962479379668e-04
8.258799387844271678e+01 8.718761674828457873e-04
8.451366330684722072e+01 8.595056816589281877e-04
8.648423275731727244e+01 8.473107126402955065e-04
8.850074914473438525e+01 8.352887701327587830e-04
9.056428379445294752e+01 8.234373991753029436e-04
9.267593301146882823e+01 8.117541796387602818e-04
9.483681866285927242e+01 8.002367257316101833e-04
9.704808877380307308e+01 7.888826855127793270e-04
9.931091813749800679e+01 7.776897404113618066e-04
1.016265089392995122e+02 7.890996841346497844e-04
1.039960913954120372e+02 8.106400113108285259e-04
1.064209244064724658e+02 8.327683322527959205e-04
1.089022962263730534e+02 8.555006976298742570e-04
1.114415251466788135e+02 8.788535962520619077e-04
1.140399601970033103e+02 9.028439670301098129e-04
1.166989818617147421e+02 9.274892112620785603e-04
1.194200028133532498e+02 9.528072052552837576e-04
1.222044686631488730e+02 9.788163132927890382e-04
1.250538587290391348e+02 1.005535400953848140e-03
1.279696868215941663e+02 1.032983848797961292e-03
1.309535020482667562e+02 1.061181566422468407e-03
1.340068896363950728e+02 1.090149006903879487e-03
1.371314717753945729e+02 1.119907181633409765e-03
1.403289084785873229e+02 1.150477675557494937e-03
1.436008984651260789e+02 1.181882662834323654e-03
1.469491800624817301e+02 1.214144922917754056e-03
1.503755321299738341e+02 1.247287857080280147e-03
1.538817750038346333e+02 1.281335505387030168e-03
1.574697714643086783e+02 1.316312564133110489e-03
1.611414277253019804e+02 1.352244403756941785e-03
1.648986944471064930e+02 1.389157087242582538e-03
1.687435677727375776e+02 1.427077389024387260e-03
1.726780903884356064e+02 1.466032814407711984e-03
1.767043526088946521e+02 1.506051619519751259e-03
1.808244934877951664e+02 1.547162831804983762e-03
1.850407019542302010e+02 1.589396271080085543e-03
1.893552179756295288e+02 1.632782571163588804e-03
1.937703337477989010e+02 1.677353202095972686e-03
1.982883949127071332e+02 1.723140492966302503e-03
2.029118018046678174e+02 1.799214292021194921e-03
2.076430107255774828e+02 1.896910311920971389e-03
2.124845352498882960e+02 1.999911154234946913e-03
2.174389475600079891e+02 2.108504866939637026e-03
2.225088798128369376e+02 2.222995138805976875e-03
2.276970255381679920e+02 2.343702148683006470e-03
2.330061410696924611e+02 2.470963460897055396e-03
2.384390470093720467e+02 2.605134969270431113e-03
2.439986297259550270e+02 2.746591892399657692e-03
2.496878428884326695e+02 2.895729822976567634e-03
2.555097090352506939e+02 3.052965834086781780e-03
2.614673211801091952e+02 3.218739645579363380e-03
2.675638444552045030e+02 3.393514853769526250e-03
2.738025177927857499e+02 3.577780227913269009e-03
2.801866556459195294e+02 3.772051077079651479e-03
2.867196497493769698e+02 3.976870691243213247e-03
2.934049709215786947e+02 4.192811860626696925e-03
3.002461709085549160e+02 8.269047625418593506e-03
3.072468842709003525e+02 8.432146501861978796e-03
3.144108303147264678e+02 8.598462344115945233e-03
3.217418150676371624e+02 8.768058603684602756e-03
3.292437333007769098e+02 8.940999983590894318e-03
3.369205705980266998e+02 9.117352463061610332e-03
3.447764054734464025e+02 9.297183322699251531e-03
3.528154115380883127e+02 9.480561170150418257e-03
3.610418597173337503e+02 9.667555966280407670e-03
3.694601205199302285e+02 9.858239051864170488e-03
3.780746663599348949e+02 1.005268317480364701e-02
3.868900739327975771e+02 1.025096251788202434e-02
3.959110266468458690e+02 1.045315272706529020e-02
4.051423171114647062e+02 1.065933094036215431e-02
4.145888496832911301e+02 1.086957581725307015e-02
4.242556430717776834e+02 1.108396756869983214e-02
4.341478330055092556e+02 1.130258798774697905e-02
4.442706749606882681e+02 1.152552048072687414e-02
4.546295469532399238e+02 1.175285009908018374e-02
4.652299523960189163e+02 1.198466357180407414e-02
4.760775230226367967e+02 1.246987262485782511e-02
4.871780218794630741e+02 1.309556629691513256e-02
4.985373463873893911e+02 1.375265504276591486e-02
5.101615314749833487e+02 1.444271415508534447e-02
5.220567527846975509e+02 1.516739796910886000e-02
5.342293299538351903e+02 1.592844382870556644e-02
5.466857299720180663e+02 1.672767625145496137e-02
5.594325706169377099e+02 1.756701130271239031e-02
5.724766239702178154e+02 1.844846118914952524e-02
5.858248200152536356e+02 1.937413908278216509e-02
5.994842503189408944e+02 2.034626418705068676e-02
6.134621717992506547e+02 2.136716705709816241e-02
6.277660105806500042e+02 2.243929518700119377e-02
6.424033659394191318e+02 2.356521887734785992e-02
6.573820143409585626e+02 2.474763739722990116e-02
6.727099135712336420e+02 2.598938545542165551e-02
6.883952069645496294e+02 2.729343999625952547e-02
7.044462277299037396e+02 2.866292733651454663e-02
7.208715033782135606e+02 3.310689458063460766e-02
7.376797602527731215e+02 3.838360060385081346e-02
7.548799281653431308e+02 4.450132861986163396e-02
7.724811451403400042e+02 5.159412399508548491e-02
7.904927622696420713e+02 5.981739676941202899e-02
8.089243486805937664e+02 6.935132684121340929e-02
8.277856966198472719e+02 8.040481188402748280e-02
8.470868266557401967e+02 9.495260146231694620e-02
8.668379930019773383e+02 1.185579460969478499e-01
8.870496889654402821e+02 1.480316112066194789e-01
9.077326525210223735e+02 1.848324691666692887e-01
9.288978720164498100e+02 2.307820699901973749e-01
9.505565920101191750e+02 2.881548034773793732e-01
9.727203192450537017e+02 3.597904757965556533e-01
9.954008287621518321e+02 4.492348727550323773e-01
1.018610170155977357e+03 5.462052815410405326e-01
1.042360673976403177e+03 6.547795124190269878e-01
1.066664958279540997e+03 7.849360384690540204e-01
1.091535935331393375e+03 9.409649703474572968e-01
1.116986818467824833e+03 1.000000000000000000e+10
1.143031129114481018e+03 1.000000000000000000e+10
1.169682703970387138e+03 1.000000000000000000e+10
1.196955702359045290e+03 1.000000000000000000e+10
1.224864613750933131e+03 1.000000000000000000e+10
1.253424265461402001e+03 1.000000000000000000e+10
1.282649830528062466e+03 1.000000000000000000e+10
1.312556835771845499e+03 1.000000000000000000e+10
1.343161170046018015e+03 1.000000000000000000e+10
1.374479092677539484e+03 1.000000000000000000e+10
1.406527242105239338e+03 1.000000000000000000e+10
1.439322644719409482e+03 1.000000000000000000e+10
1.472882723907504896e+03 1.000000000000000000e+10
1.507225309310758576e+03 1.000000000000000000e+10
1.542368646296630459e+03 1.000000000000000000e+10
1.578331405652119656e+03 1.000000000000000000e+10
1.615132693503092923e+03 1.000000000000000000e+10
1.652792061464897188e+03 1.000000000000000000e+10
1.691329517029650560e+03 1.000000000000000000e+10
1.730765534195727696e+03 1.000000000000000000e+10
1.771121064345090417e+03 1.000000000000000000e+10
1.812417547374239575e+03 1.000000000000000000e+10
1.854676923084701230e+03 1.000000000000000000e+10
1.897921642839103470e+03 1.000000000000000000e+10
1.942174681489028444e+03 1.000000000000000000e+10
1.987459549580985822e+03 1.000000000000000000e+10
2.033800305846984202e+03 1.000000000000000000e+10
2.081221569986341365e+03 1.000000000000000000e+10
2.129748535745523441e+03 1.000000000000000000e+10
2.179406984302958335e+03 1.000000000000000000e+10
2.230223297965940674e+03 1.000000000000000000e+10
2.282224474186900807e+03 1.000000000000000000e+10
2.335438139906481865e+03 1.000000000000000000e+10
2.389892566231052569e+03 1.000000000000000000e+10
2.445616683452449251e+03 1.000000000000000000e+10
2.502640096417921995e+03 1.000000000000000000e+10
2.560993100258462164e+03 1.000000000000000000e+10
2.620706696483855012e+03 1.000000000000000000e+10
2.681812609453018467e+03 1.000000000000000000e+10
2.744343303228368313e+03 1.000000000000000000e+10
2.808331998823175581e+03 1.000000000000000000e+10
2.873812691851069303e+03 1.000000000000000000e+10
2.940820170587066514e+03 1.000000000000000000e+10
3.009390034449724226e+03 1.000000000000000000e+10
3.079558712914229545e+03 1.000000000000000000e+10
3.151363484866482395e+03 1.000000000000000000e+10
3.224842498408445408e+03 1.000000000000000000e+10
3.300034791125288848e+03 1.000000000000000000e+10
3.376980310825094875e+03 1.000000000000000000e+10
3.455719936762142879e+03 1.000000000000000000e+10
3.536295501355046326e+03 1.000000000000000000e+10
3.618749812411283983e+03 1.000000000000000000e+10
3.703126675869930750e+03 1.000000000000000000e+10
3.789470919074671656e+03 1.000000000000000000e+10
3.877828414589461318e+03 1.000000000000000000e+10
3.968246104569485851e+03 1.000000000000000000e+10
4.060772025700369340e+03 1.000000000000000000e+10
4.155455334718879385e+03 1.000000000000000000e+10
4.252346334528686384e+03 1.000000000000000000e+10
4.351496500925054534e+03 1.000000000000000000e+10
4.452958509942660385e+03 1.000000000000000000e+10
4.556786265841068598e+03 1.000000000000000000e+10
4.663034929742736495e+03 1.000000000000000000e+10
4.771760948938750516e+03 1.000000000000000000e+10
4.883022086877885158e+03 1.000000000000000000e+10
4.996877453854888699e+03 1.000000000000000000e+10
5.113387538414331175e+03 1.000000000000000000e+10
5.232614239486667429e+03 1.000000000000000000e+10
5.354620899273612849e+03 1.000000000000000000e+10
5.479472336900292248e+03 1.000000000000000000e+10
5.607234882852038027e+03 1.000000000000000000e+10
5.737976414214139368e+03 1.000000000000000000e+10
5.871766390733261687e+03 1.000000000000000000e+10
6.008675891719693027e+03 1.000000000000000000e+10
6.148777653810029733e+03 1.000000000000000000e+10
6.292146109610350322e+03 1.000000000000000000e+10
6.438857427240425750e+03 1.000000000000000000e+10
6.588989550799956305e+03 1.000000000000000000e+10
6.742622241778349235e+03 1.000000000000000000e+10
6.899837121430025036e+03 1.000000000000000000e+10
7.060717714137779694e+03 1.000000000000000000e+10
7.225349491787221268e+03 1.000000000000000000e+10
7.393819919175873110e+03 1.000000000000000000e+10
7.566218500481062620e+03 1.000000000000000000e+10
7.742636826811277388e+03 1.000000000000000000e+10
7.923168624866261780e+03 1.000000000000000000e+10
8.107909806731694516e+03 1.000000000000000000e+10
8.296958520834914452e+03 1.000000000000000000e+10
8.490415204088754763e+03 1.000000000000000000e+10
8.688382635251193278e+03 1.000000000000000000e+10
8.890965989529167928e+03 1.000000000000000000e+10
9.098272894455567439e+03 1.000000000000000000e+10
9.310413487069085022e+03 1.000000000000000000e+10
9.527500472427300338e+03 1.000000000000000000e+10
9.749649183484096284e+03 1.000000000000000000e+10
9.976977642363211999e+03 1.000000000000000000e+10
1.020960662306047561e+04 1.000000000000000000e+10
1.044765971560805156e+04 1.000000000000000000e+10
1.069126339173477209e+04 1.000000000000000000e+10
1.094054707205743580e+04 1.000000000000000000e+10
1.119564319483879444e+04 1.000000000000000000e+10
1.145668728634872605e+04 1.000000000000000000e+10
1.172381803286599825e+04 1.000000000000000000e+10
1.199717735435885515e+04 1.000000000000000000e+10
1.227691047988360333e+04 1.000000000000000000e+10
1.256316602474121464e+04 1.000000000000000000e+10
1.285609606943296421e+04 1.000000000000000000e+10
1.315585624045705299e+04 1.000000000000000000e+10
1.346260579298911034e+04 1.000000000000000000e+10
1.377650769549054894e+04 1.000000000000000000e+10
1.409772871628967732e+04 1.000000000000000000e+10
1.442643951218158873e+04 1.000000000000000000e+10
1.476281471909391075e+04 1.000000000000000000e+10
1.510703304486655543e+04 1.000000000000000000e+10
1.545927736419478606e+04 1.000000000000000000e+10
1.581973481578601422e+04 1.000000000000000000e+10
1.618859690178199162e+04 1.000000000000000000e+10
1.656605958949915293e+04 1.000000000000000000e+10
1.695232341554121376e+04 1.000000000000000000e+10
1.734759359233932628e+04 1.000000000000000000e+10
1.775208011717635964e+04 1.000000000000000000e+10
1.816599788375328717e+04 1.000000000000000000e+10
1.858956679635688124e+04 1.000000000000000000e+10
1.902301188668945906e+04 1.000000000000000000e+10
1.946656343342263426e+04 1.000000000000000000e+10
1.992045708453871339e+04 1.000000000000000000e+10
2.038493398252464249e+04 1.000000000000000000e+10
2.086024089248504970e+04 1.000000000000000000e+10
2.134663033324245407e+04 1.000000000000000000e+10
2.184436071149428244e+04 1.000000000000000000e+10
2.235369645909796600e+04 1.000000000000000000e+10
2.287490817355703985e+04 1.000000000000000000e+10
2.340827276178294414e+04 1.000000000000000000e+10
2.395407358720879347e+04 1.000000000000000000e+10
2.451260062033339636e+04 1.000000000000000000e+10
2.508415059277541150e+04 1.000000000000000000e+10
2.566902715491952040e+04 1.000000000000000000e+10
2.626754103723838489e+04 1.000000000000000000e+10
2.688001021537607448e+04 1.000000000000000000e+10
2.750676007908067550e+04 1.000000000000000000e+10
2.814812360507581252e+04 1.000000000000000000e+10
2.880444153396297770e+04 1.000000000000000000e+10
2.947606255124858581e+04 1.000000000000000000e+10
3.016334347259197239e+04 1.000000000000000000e+10
3.086664943337274599e+04 1.000000000000000000e+10
3.158635408267819003e+04 1.000000000000000000e+10
3.232283978181380735e+04 1.000000000000000000e+10
3.307649780744242162e+04 1.000000000000000000e+10
3.384772855945982883e+04 1.000000000000000000e+10
3.463694177371734258e+04 1.000000000000000000e+10
3.544455673970435600e+04 1.000000000000000000e+10
3.627100252330648073e+04 1.000000000000000000e+10
3.711671819475766824e+04 1.000000000000000000e+10
3.798215306190736010e+04 1.000000000000000000e+10
3.886776690892667830e+04 1.000000000000000000e+10
3.977403024058036681e+04 1.000000000000000000e+10
4.070142453219438903e+04 1.000000000000000000e+10
4.165044248545185110e+04 1.000000000000000000e+10
4.262158829015324591e+04 1.000000000000000000e+10
4.361537789208005415e+04 1.000000000000000000e+10
4.463233926710397645e+04 1.000000000000000000e+10
4.567301270168746851e+04 1.000000000000000000e+10
4.673795107992463454e+04 1.000000000000000000e+10
4.782772017727485218e+04 1.000000000000000000e+10
4.894289896114531439e+04 1.000000000000000000e+10
5.008407989848212310e+04 1.000000000000000000e+10
5.125186927053333056e+04 1.000000000000000000e+10
5.244688749495118827e+04 1.000000000000000000e+10
5.366976945540476299e+04 1.000000000000000000e+10
5.492116483887789218e+04 1.000000000000000000e+10
5.620173848083188204e+04 1.000000000000000000e+10
5.751217071841613506e+04 1.000000000000000000e+10
5.885315775191450666e+04 1.000000000000000000e+10
6.022541201461927994e+04 1.000000000000000000e+10
6.162966255132942024e+04 1.000000000000000000e+10
6.306665540567405696e+04 1.000000000000000000e+10
6.453715401646702230e+04 1.000000000000000000e+10
6.604193962330305658e+04 1.000000000000000000e+10
6.758181168161109963e+04 1.000000000000000000e+10
6.915758828738525335e+04 1.000000000000000000e+10
7.077010661181889009e+04 1.000000000000000000e+10
7.242022334607315133e+04 1.000000000000000000e+10
7.410881515641570149e+04 1.000000000000000000e+10
7.583677914997190237e+04 1.000000000000000000e+10
7.760503335133570363e+04 1.000000000000000000e+10
7.941451719029339438e+04 1.000000000000000000e+10
8.126619200091945822e+04 1.000000000000000000e+10
8.316104153230960947e+04 1.000000000000000000e+10
8.510007247122246190e+04 1.000000000000000000e+10
8.708431497690723336e+04 1.000000000000000000e+10
8.911482322840201959e+04 1.000000000000000000e+10
9.119267598459297733e+04 1.000000000000000000e+10
9.331897715733238147e+04 1.000000000000000000e+10
9.549485639791966241e+04 1.000000000000000000e+10
9.772146969725724193e+04 1.000000000000000000e+10
1.000000000000000000e+05 1.000000000000000000e+10
