4.368365594754385e-11 1.048502945750131
4.9999999999999995e-11 0.7303715786880405
5.722964220307124e-11 0.48315688028292814
7.008056109447912e-11 0.2808985409455461
7.755072104422215e-11 0.20339966548114846
8.581715443703151e-11 0.14919644049037023
1.0508740056662434e-10 0.09372698280066437
1.2233002209891633e-10 0.06160318212666731
1.4240179342179021e-10 0.04318958580455598
1.6858900281864792e-10 0.03087195207118893
1.995919516771833e-10 0.02178420257330543
2.61483974574251e-10 0.013862676742070805
3.09569995343781e-10 0.01084637173659314
3.7908395259097397e-10 0.009289024298907034
4.801475270513343e-10 0.007652955218224134
6.290378078893907e-10 0.00681285261661407
8.523963052713448e-10 0.006304448981952702
1.1550648500415789e-9 0.006143207458290329
2.3470603487698084e-9 0.006898841059120164
5.646195714969245e-9 0.008053023597425248
1.109203062662769e-8 0.010158073012725711
1.7203899458791383e-8 0.012013099733599595
4.069370093788349e-8 0.01875029887659211
8.997088017321155e-8 0.03203478881588831
1.7674905525150545e-7 0.0503270328746532
3.974323909699854e-7 0.08880381699821774
0.0000010943240842245202 0.19017324762373883
0.00000229999346777214 0.3399346448682325
0.000004083132419981418 0.6155586887259
0.000007755072104422184 1.1146416861142556
