#Fig. 5 of https://arxiv.org/abs/2004.00627
9.93299671790793e-18  0.09908086709523747
1.0446675441136865e-17  0.09031111683527668
1.1061031278702786e-17  0.08231536375819799
1.1750950388045764e-17  0.07572351963125759
1.227583648288154e-17  0.07096465973033814
1.2824167950513055e-17  0.0671227161177294
1.348736178882548e-17  0.06348705669315315
1.425655515324311e-17  0.058946760380432874
1.49686447613503e-17  0.0552411206831191
1.606347183161412e-17  0.05273015392382446
1.6951068554995872e-17  0.05127634258061258
1.7767856437404346e-17  0.0503272073085085
1.8686710039039607e-17  0.0503170172684762
1.965308158096301e-17  0.050306829291680066
2.0462038859937394e-17  0.05219403210396504
2.1448002979895037e-17  0.05465363971033442
2.2255904826869478e-17  0.0572314724063126
2.325002143751368e-17  0.05992927492217941
2.4207035430495103e-17  0.06333810335446
2.5203441893940425e-17  0.06694082886451785
2.615280334616115e-17  0.07273964417861002
2.74129771691182e-17  0.08051296102110461
2.996693568494021e-17  0.09728362617652955
3.3090858094356e-17  0.1197369637991438
3.445293917119168e-17  0.13626451871145795
3.5750710027349965e-17  0.15223379227450073
3.684880070089032e-17  0.1654256610059387
3.785316429868117e-17  0.18143314061837343
3.941127072924181e-17  0.20269313272249628
4.103351170955365e-17  0.2285480477453648
4.2151935231261145e-17  0.2529923095964578
4.4630837502126345e-17  0.3071460966200302
4.646792552902593e-17  0.35937489769322106
4.7574284214877846e-17  0.40151286888921667
4.887098528377381e-17  0.4527530678924748
5.10539321748161e-17  0.5810572434626412
5.279924801735752e-17  0.6798817493141168
5.4056349684484124e-17  0.7596002765489748
5.478808632701602e-17  0.8178811081917368
6.080532384493213e-17  1.0591518449858182

