#K
1.963369146975302e-9 0.9907033072080844
2.0852726710589722e-9 0.8832395209837083
2.3522562464293388e-9 0.7675901949421206
2.653422511913497e-9 0.6670837223350998
2.993147977571245e-9 0.587180243390071
3.376369490879987e-9 0.5168476259932295
3.808655978377464e-9 0.4434792297405627
4.0451314198408366e-9 0.3953740535560839
4.563041458322117e-9 0.3570093488059163
5.147261037859129e-9 0.3265060091902408
6.166785775848169e-9 0.2986064229532704
7.846977726646085e-9 0.27308854782782715
1.19626844237319e-8 0.26619371169595335
1.6661478546784192e-8 0.2783353996882115
2.057200643064885e-8 0.29477219203294225
2.4646730698924954e-8 0.31417850721648855
2.780232390959504e-8 0.33486523019019837
3.537729773620769e-8 0.3708317342394396
3.9906756913245906e-8 0.4054626073746584
4.781114054304772e-8 0.44901543300644153
6.083768247572007e-8 0.5299915377678437
7.288788195651451e-8 0.6176466065484141
1.111172683973808e-7 1.0028616217397845
