#LeoTevap - blue bounds from Fig. 1 of https://arxiv.org/abs/2007.07739
9.937782478124613e-18 0.0019719001968957752
1.037036158402116e-17 0.0022849088323233856
1.0854745661797496e-17 0.0026869192129829675
1.1892522554220705e-17 0.0036074933779744593
1.4145372475344976e-17 0.006503285909175682
1.5976569490213632e-17 0.009969913234674777
1.8154962560722953e-17 0.015741767091564135
2.0134034564267956e-17 0.023433780507134128
2.3586094524846408e-17 0.04287679593708306
2.6396885005796292e-17 0.06871271191596257
2.9274027729690794e-17 0.10850931617303333
3.216989715481409e-17 0.16154046899844152
3.556742948000745e-17 0.26665550392773385
3.7569357902321174e-17 0.3580991055322922
4.268968855242239e-17 0.7160273106031972
4.5229604843167926e-17 1.005089158970488
