# Grey dot-dashed line from Fig. 3 of https://arxiv.org/abs/1908.09752
0.032232451428525107 1.0628882509195436
0.039224972944812274 0.8311033528056968
0.04900123368446004 0.6348257935727479
0.05733420058470382 0.5141310571736695
0.06886682539192103 0.4164053765579252
0.08057806066838578 0.33723729979158856
0.09935464097661612 0.2668149712355889
0.11625828806915092 0.2264705288469966
0.13964333928391567 0.18342316521826277
0.17674702394047048 0.1384744868472657
0.21230631915070533 0.11481625205222401
0.2420046107415635 0.09976374961926818
0.2758387918132813 0.08271036485867773
0.3491417105126855 0.06392439551345878
0.40852909459371534 0.053000140047863
0.5593266391130347 0.036433239753391224
0.8069982945154924 0.02446661469433853
0.9442649579535348 0.02028543242186824
1.195199124930378 0.015678010942312942
1.6798009583552425 0.010527950632173561
2.126200510325612 0.008136741765160082
2.8358691869690578 0.005861790840871992
4.543075586650614 0.0033408846399612456
6.05963474817879 0.002463952760053619
7.66969920226065 0.0018601499633829077
9.707238656837708 0.0013717419699025412
15.150534582675473 0.000858706644674473
21.85778007769345 0.0005502229356223422
27.665462588394316 0.0004153883102564289
37.88122160454611 0.00030637151365507355
47.954393771915385 0.0002600875268620994
56.12246209348086 0.00024824275737292157
65.68618564904227 0.0002483223861857354
83.17811108151832 0.0002603796428670443
97.37510627228545 0.00030696163533189106
130.00653698501208 0.0004470923676555058
198.02516717981436 0.001041474717508636
293.9802644795244 0.0035313014342243385
393.0078925502602 0.012844030541791111
485.70630362065043 0.051305352373428606
584.7707899481658 0.21477465510047639
617.6420879279849 1.034746552620664
