#Dashed line for O2 (proj) in Fig. 1 of https://arxiv.org/abs/1610.08725
0.009992173651453672 0.435917673113008
0.01757544542639635 0.30890710070735866
0.03420976971027276 0.21893049544564566
0.0876747366683199 0.13061480623153335
0.21828464416244578 0.07905111042937431
0.5203508003401325 0.050673446926193716
1.137240370850732 0.032949659483242875
2.595729602561037 0.02173652329915423
5.126002291004086 0.015855010349558933
13.522259946217659 0.010164685733946107
38.90648939162766 0.006707469631025158
98.26130108054993 0.005036848091692222
