# Solid red line from Fig. 3 of https://arxiv.org/abs/1908.09752
0.7166305191544643 1.0384372718470303
0.9204347797937181 0.8120560364546874
1.0431001771043442 0.6944030023585324
1.212075986690922 0.5806702449827645
1.3736081079689038 0.4965410555368684
1.5960464415505418 0.39704230086200154
1.8544380969828234 0.3070019399961243
2.154662023619051 0.2373807298536235
2.4415143543962707 0.18150146522413316
2.7664882629223273 0.13570524288073632
3.213937947447646 0.09277927182647909
4.0241488239443015 0.04959489795471099
4.674100985782773 0.028349530306547348
5.428235742756407 0.014169209944921095
6.148356689347524 0.0074057866145081285
6.626380506590659 0.005662193664633352
6.300669004551824 0.004328579226892002
6.7910308849326775 0.0035392679698797707
8.943215206528777 0.0026466309416009566
14.208595652111573 0.001564990521401666
31.650893740788977 0.0007156714443586547
41.16815583197851 0.0006052549490711812
49.05563977889162 0.000553528057370494
59.94031614653489 0.0005294047952927486
78.96517938391898 0.0005537841982910581
112.17384562996627 0.0007085795620496993
167.5939923168727 0.0012402590333566396
199.81064517295178 0.0018557254366788959
244.3060517731929 0.0032475279693287484
263.42866805686396 0.003884454961937727
270.24392197700445 0.006077211211243078
277.28950471233287 0.011371664453597581
280.9082404700764 0.01701204890135982
307.05053304027604 0.055700275955144755
339.7409428415334 0.1333241405901559
385.4118159476759 0.2918085957566445
508.43308970045626 1.068732538043474
