#Red curve in Fig. 1 of https://arxiv.org/abs/1904.02396
0.00241249713765956 0.9613146767331653
0.00605119210565218 0.6145249167271445
0.034746358330655286 0.23313855953021279
0.36277769243822544 0.06402846726148269
2.5032136666116784 0.023110949231601924
18.07428438793517 0.009211475590396293
32.84803955902456 0.0073637967454717335
71.71101266547569 0.0060333788599193
118.82973252985772 0.005460549569593999
225.6501144539543 0.006491428716119051
468.6204382068105 0.012058637094155573
705.0622419882707 0.028716193560013797
842.2508523633644 0.08985771419693728
1003.4026783342831 0.4852538334162143
1096.0087676277312 0.9717252219245105
