#Fig. 2 (left panel, photoheating model) in https://arxiv.org/abs/2409.10617 (non-rotating BHs)
#Columns: M_PBH (in solar mass), fPBH
2.522222855553346240e-18 1.911883540578505154e-04
2.664360464033770084e-18 2.179189477719641239e-04
2.853348939982206648e-18 2.437863989270584199e-04
3.055742750728049446e-18 2.884570719531744771e-04
3.332845662734716093e-18 3.477538839416752432e-04
3.552981781797651443e-18 4.038542223755094314e-04
3.857511827531157714e-18 4.868727031942086557e-04
4.188143484376102510e-18 5.869569165856781479e-04
4.567935518619121657e-18 6.945091041425446865e-04
4.982168108638814435e-18 8.372761907450452720e-04
5.458846937242329344e-18 1.028439195019501115e-03
5.981132959478060113e-18 1.263247647005443690e-03
6.613544048689076306e-18 1.551666472255107572e-03
7.312822701030073573e-18 1.941902112723354864e-03
8.012491536545289367e-18 2.430279884773744754e-03
8.859686964945002116e-18 3.041481998313937118e-03
9.619060652263532927e-18 3.598793843681287463e-03
1.039591744062162482e-17 4.338581571848979836e-03
1.133864699306543892e-17 5.429711133960094145e-03
1.265261467625783273e-17 6.923485120656253274e-03
1.405449362442339858e-17 8.828212962590512719e-03
1.561169735213821878e-17 1.125695264084914347e-02
1.679562444860630810e-17 1.357099333948121218e-02
1.848684593312197021e-17 1.730452470496268019e-02
2.007137419226589115e-17 2.125541327280625059e-02
2.169238313031325263e-17 2.610835033615345815e-02
2.333744449652175606e-17 3.267445780652428189e-02
2.522222855553346317e-17 3.939119790327665765e-02
2.738405399884641098e-17 4.929786896787469175e-02
2.919278442969676529e-17 5.943180830182290264e-02
3.198586205818811703e-17 7.578216047218355733e-02
3.409854420759024261e-17 9.136035549154825075e-02
3.736099014589095480e-17 1.164946064823655786e-01
4.093557707870235073e-17 1.571126290901630196e-01
4.424162556811097111e-17 1.966255969443589935e-01
4.759672899603528530e-17 2.602712822611737420e-01
5.120626970711817961e-17 3.445184219277664384e-01
5.409195314280219395e-17 4.560354950281989561e-01
5.714025668220805799e-17 5.814959371542232081e-01
6.036034463553213198e-17 7.554640498026647943e-01
6.347125821708258143e-17 9.814787930201419597e-01
