#Constraint from Figure 4 of arXiv:2503.15595 (red curve)
5.02765209e-19 5.997862977439577e-08
1.00553042e-18 1.0034259230410115e-06
1.50829563e-18 3.3068301177563777e-06
2.01106083e-18 6.518476213317834e-06
2.51382604e-18 1.0444655663134683e-05
3.01659125e-18 1.4971854049615345e-05
3.51935646e-18 2.196491761271615e-05
4.02212167e-18 3.013203532965188e-05
4.52488688e-18 3.92090507819683e-05
5.02765209e-18 5.013001207564493e-05
1.00553042e-17 0.00025285709681826727
1.50829563e-17 0.0007196055103887672
2.01106083e-17 0.001395390128564789
2.51382604e-17 0.0029073619687656547
3.01659125e-17 0.005093889417043117
3.51935646e-17 0.0085776387532273
4.02212167e-17 0.013459908646905413
4.52488688e-17 0.023649346817009115
5.02765209e-17 0.041474862486856404
1.00553042e-16 7.074682191110667
