#Fig. 2 (left panel, conservative model) in https://arxiv.org/abs/2409.10617 (non-rotating BHs)
#Columns: M_PBH (in solar mass), fPBH
2.510726056959359687e-18 9.193145647684461625e-04
2.628092214394263294e-18 1.009391259822346688e-03
2.763541536506217541e-18 1.150517155266399119e-03
3.014146862178596373e-18 1.361334394784424404e-03
3.302531349448496997e-18 1.641177732007632634e-03
3.585595008270606227e-18 1.978547194838371336e-03
3.946643526074468911e-18 2.430279884773744754e-03
4.363939237098114456e-18 3.157354964318848101e-03
4.847453096019441837e-18 4.025978468609327926e-03
5.359995303845647421e-18 4.945171140884884430e-03
5.953869753593018075e-18 6.424634771041113149e-03
6.405386816159842562e-18 7.601865167947966483e-03
6.891145080873548393e-18 8.994807656948870800e-03
7.550469072609546188e-18 1.104846029102552092e-02
8.272875196701990604e-18 1.382708769256384314e-02
8.941011045734699067e-18 1.636072088923269316e-02
9.707355111052069644e-18 1.935860927238704232e-02
1.039591744062162482e-17 2.248157807860003826e-02
1.165375803024318996e-17 2.813557214053849509e-02
1.271055192600951971e-17 3.455935506523868245e-02
1.431369341333764575e-17 4.489859458679079651e-02
1.597242135360706754e-17 5.833105947907764322e-02
1.766125463218601533e-17 7.578216047218355733e-02
1.952865556683244004e-17 1.022050275925839996e-01
2.139709847297557896e-17 1.327820524992052720e-01
2.376784496835246777e-17 1.859014660115370643e-01
2.592317661440958870e-17 2.507194878692469708e-01
2.814508110049160849e-17 3.257280877955929799e-01
3.126348766694089181e-17 4.475891672346200556e-01
3.504617293596319304e-17 6.505207645270263406e-01
3.946643526074468911e-17 9.814787930201419597e-01
