#MACHO
0.2528585818271479 1.0008304898978184
0.3217520004278153 0.8478594660235779
0.43483621126653843 0.6825318633601211
0.5533109448865843 0.5494467536768095
0.8435202000636038 0.42029745254027395
1.1748444763165038 0.3470837938990771
1.587759890318074 0.3055023511848994
2.082134735036643 0.28298098535106325
2.988643863078553 0.2654817569379762
4.289824279868148 0.27232861363466554
6.539819008159696 0.29774815212412464
10.588948717106627 0.38919170735307845
17.145097562121414 0.5779359939567352
26.137628867390436 0.8051906086229399
31.314743264091902 1.0001627050141402
