# Fig. 4 of https://arxiv.org/abs/2202.13819 (t_E> 100 days)
1.0636603436193761 0.3510615662957417
1.2426964415827757 0.3053582294628139
1.4803772508181499 0.2644403586045734
1.8157148343593115 0.22569009478439028
2.2487724465472287 0.19374146988879537
2.785116594663061 0.1695940150280426
3.449381664995713 0.15092397742579644
4.2720774755385165 0.1370674277173891
5.2909905975934475 0.12736043653815265
6.552919900005653 0.12080710984108678
8.115826029897173 0.11641155357919009
10.051493555948964 0.11516966179946353
12.448828046966348 0.11392777001973697
15.417939521158546 0.11517561335751325
19.095199819715624 0.11559354498945562
23.649506190790177 0.11634344130373142
29.29003877145876 0.11858717868850865
36.275868270249624 0.12199279246145411
44.92785513287883 0.12490045921089887
55.64338672208594 0.1286380376661782
68.9146293929749 0.13337151016845827
85.35113378506894 0.13976480608240704
105.70783159633936 0.14781792540802474
130.91970973623796 0.15819479750997822
162.14475444801727 0.1708954223882675
200.81713783184935 0.18741364111339465
248.71308963562416 0.20774945368535924
308.0324798170058 0.23389464819816386
381.49985897896863 0.26634717167530897
467.91785868856834 0.30501107177534736
557.41284039716 0.3452959117744623
644.9357113200559 0.3855394970846826
731.8306949103453 0.4264424300045637
822.3982665089826 0.4702181233135818
906.3761947137477 0.5112623821198521
979.6919377201624 0.550488109299792
1058.9381080744404 0.59062673935615
1144.5944113225678 0.6325911751653432
1225.2085931287486 0.6782108595434599
1298.8105771258809 0.7189653656439349
1376.8340548006558 0.7603284736620217
1473.8049553333524 0.8050352551637207
1559.305708945008 0.8497464011413229
1624.3002710058813 0.8926375606672939
1692.0039189587994 0.935528720193265
1772.8418316250693 1.0
