#Envelope of Kepler, HSC, EROS, OGLE and MACHO constraints
3.2530173552750207e-12 1.0084382855493526
3.4419707420686685e-12 0.7412212175168384
3.644889029611318e-12 0.4437209321906895
4.312774214563591e-12 0.2336512330421226
5.401393626983918e-12 0.08266612133365443
6.399665804219249e-12 0.031184515561864447
7.160306730532675e-12 0.01965116799555276
8.461064047955799e-12 0.01444419187132517
9.460406243762985e-12 0.010753899544075988
1.1814400633510928e-11 0.007803743920565703
1.3959915139666768e-11 0.00581003726198698
1.7446024802967444e-11 0.0035230723699528313
2.0607909647934582e-11 0.002832850388043042
2.5721178556064287e-11 0.0023672382933857734
3.0371932121789296e-11 0.0020822901537838594
4.7255433632354156e-11 0.0019782564382098233
7.769137772118907e-11 0.0019282758719825143
1.5925134787207489e-10 0.0020562014763957567
3.6440791489034165e-10 0.002429611032414444
5.665722949970962e-10 0.0027623104147213766
9.308176395478797e-10 0.0032222070810836107
1.5291553351036413e-9 0.0038071978126708998
2.9643578679281195e-9 0.004674983310287068
6.784254488146762e-9 0.005315425873275019
1.245202152673504e-8 0.00566797860655308
2.8509495518753265e-8 0.005815914082328267
5.231375663561402e-8 0.006612463029305153
9.082626585203451e-8 0.007713427562586869
1.0712801189131302e-7 0.008997239526169104
1.5755362413301855e-7 0.011190230298934133
2.1330282135714358e-7 0.01374019722215548
2.5856513807860324e-7 0.017088800229652038
4.7338708318334736e-7 0.03416505040644682
6.231157830777821e-7 0.047691907591649735
8.667770039444964e-7 0.06657489702993935
0.0000012737924260004852 0.10037040134717969
0.0000016790924511653794 0.09783168046426328
0.000002338795739896944 0.09783598082777469
0.000003257524627016256 0.09910343796405026
0.000004536917163778324 0.10168335469405587
0.000005657400019896957 0.10704014853915421
0.000007456345447766856 0.10842605058755035
0.000010384824526106341 0.11124865884036118
0.000013686299009885297 0.11414391060971187
0.000020145020717967375 0.11562348269411998
0.00002806129275914005 0.11415478191370383
0.00010605391818121947 0.04171044222070954
0.00012871991269092803 0.037885517366453576
0.00015621008774062482 0.03553278267120094
0.0001844267098242071 0.032481910898867386
0.00024319557304802855 0.02894131296658858
0.0003206422132037974 0.02679834486269915
0.0004466660306778381 0.026120711715223996
0.0006947857467762164 0.026459491080647712
0.0010806233138616267 0.027499197669703997
0.0014238027827849027 0.03008382992322352
0.0020375847313010816 0.03464456477793415
0.002471348727121268 0.0374172970459928
0.0032580258203308496 0.0355471027123587
0.005069394920940759 0.033340685406125906
0.007462465950352418 0.032917418377501756
0.010985215973237752 0.03249952481302021
0.015299658668258246 0.03334557081813213
0.021306413014057207 0.035102767429065936
0.033133472947156455 0.0379134212101187
0.05443754130516382 0.04366192858980821
0.08010669963929805 0.04715756288033847
0.1178736971285615 0.051590628384172145
0.1641180768996573 0.057168675299311626
0.2551274204427271 0.06754713634703247
1.1949466538859885 0.12188865955252781
1.962364222246118 0.15754785307677005
3.5977201532266436 0.22277437545016104
6.596254630648777 0.31099037822181225
11.444087358840255 0.43413568828488597
23.41115682499547 0.7634701609451352
30.823828472561445 0.9995385706750914
