#NS
1.3153218877270264e-15 1.005400043001766
2.005202666126476e-15 0.5178749365118677
2.1297035893885882e-15 0.5178706158122108
2.8782175050944193e-15 0.33561201612055563
4.3878304381299745e-15 0.17733882546262483
8.511764920028335e-15 0.06150779743547606
1.1855080648034045e-14 0.03553719128498082
1.7536797789324985e-14 0.021062636536913877
2.2997164773543034e-14 0.014364530708560691
3.4018885264040203e-14 0.00979631866551699
3.3560921606474865e-13 0.00985587752621041
3.7348181198307276e-12 0.00991563303104831
7.245014205382497e-12 0.010042012425795952
1.4926910023280747e-11 0.010432725301052142
2.4168908121795694e-11 0.010839001685414662
3.684539841949957e-11 0.011118450130828097
4.9795225608662153e-11 0.011700025286128625
8.56319255070208e-11 0.013290944725762251
1.5640282901548066e-10 0.016508303453900915
2.2449668949834336e-10 0.019485110084066653
3.2223690525909446e-10 0.023895921487325646
4.62530754208404e-10 0.03123528929358187
5.885510958361375e-10 0.039801019529452676
7.954055555517007e-10 0.05007247653301492
1.0749618890840672e-9 0.06629253265767919
1.542973275837435e-9 0.09844372152808176
2.818170723213174e-9 0.17701066544615138
1.7170936533222187e-8 1.0159995207200956

