#   Limits on planetary-mass primordial black holes from the OGLE high-cadence
#                        survey of the Magellanic Clouds
# 
#      P. Mróz, A. Udalski, M.K. Szymański, I. Soszyński, P. Pietrukowicz,
#  S. Kozłowski, R. Poleski, J. Skowron, K. Ulaczyk, M. Gromadzki, K. Rybicki,
#                      P. Iwanek, M. Wrona, and M.J. Mróz
#
# pmroz@astrouw.edu.pl
#
# https://arxiv.org/abs/2410.06251
#
# Figure 1: 95% upper limits on compact objects as constituents of dark matter
#
# Columns: M_PBH [Msun], f_PBH (95%)
1.000000000000000062e-09 1.972599999999999909e+00
1.258925411794166266e-09 1.078200000000000047e+00
1.584893192461110929e-09 5.941999999999999504e-01
1.995262314968882776e-09 3.304099999999999815e-01
2.511886431509581992e-09 1.943199999999999927e-01
3.162277660168379522e-09 1.198700000000000043e-01
3.981071705534968960e-09 7.517000000000000071e-02
5.011872336272714713e-09 4.847800000000000026e-02
6.309573444801942873e-09 3.241100000000000231e-02
7.943282347242821957e-09 2.195700000000000082e-02
1.000000000000000021e-08 1.534899999999999980e-02
1.258925411794166101e-08 1.111999999999999968e-02
1.584893192461114279e-08 8.289899999999999353e-03
1.995262314968878641e-08 6.331700000000000002e-03
2.511886431509582074e-08 4.990699999999999824e-03
3.162277660168379191e-08 4.057400000000000069e-03
3.981071705534968960e-08 3.390900000000000077e-03
5.011872336272724970e-08 2.918800000000000040e-03
6.309573444801929638e-08 2.561100000000000182e-03
7.943282347242821957e-08 2.279000000000000210e-03
9.999999999999999547e-08 2.078099999999999826e-03
1.258925411794166167e-07 1.905999999999999925e-03
1.584893192461114080e-07 1.778999999999999982e-03
1.995262314968878707e-07 1.668900000000000071e-03
2.511886431509582273e-07 1.578699999999999938e-03
3.162277660168379191e-07 1.503400000000000005e-03
3.981071705534969225e-07 1.442200000000000036e-03
5.011872336272724970e-07 1.389999999999999960e-03
6.309573444801929638e-07 1.347899999999999966e-03
7.943282347242821957e-07 1.318699999999999907e-03
9.999999999999999547e-07 1.291300000000000000e-03
1.258925411794166114e-06 1.272300000000000080e-03
1.584893192461114080e-06 1.256299999999999908e-03
1.995262314968878707e-06 1.256200000000000068e-03
2.511886431509582273e-06 1.257000000000000088e-03
3.162277660168379191e-06 1.260199999999999949e-03
3.981071705534969119e-06 1.269699999999999909e-03
5.011872336272724970e-06 1.285799999999999920e-03
6.309573444801929638e-06 1.298200000000000005e-03
7.943282347242821745e-06 1.331099999999999992e-03
1.000000000000000082e-05 1.362399999999999939e-03
1.258925411794166114e-05 1.399199999999999966e-03
1.584893192461114123e-05 1.433000000000000029e-03
1.995262314968878622e-05 1.483699999999999906e-03
2.511886431509582188e-05 1.540200000000000033e-03
3.162277660168379530e-05 1.590000000000000050e-03
3.981071705534969458e-05 1.659899999999999961e-03
5.011872336272725140e-05 1.734700000000000044e-03
6.309573444801929300e-05 1.813600000000000064e-03
7.943282347242822084e-05 1.898299999999999901e-03
1.000000000000000048e-04 1.998600000000000116e-03
1.258925411794167436e-04 2.106699999999999979e-03
1.584893192461114190e-04 2.218100000000000193e-03
1.995262314968878758e-04 2.348900000000000120e-03
2.511886431509579545e-04 2.504999999999999848e-03
3.162277660168379394e-04 2.654600000000000015e-03
3.981071705534973523e-04 2.841699999999999955e-03
5.011872336272725275e-04 3.054700000000000037e-03
6.309573444801929842e-04 3.271399999999999829e-03
7.943282347242813140e-04 3.519299999999999946e-03
1.000000000000000021e-03 3.794099999999999903e-03
1.258925411794167490e-03 4.111300000000000024e-03
1.584893192461114082e-03 4.456599999999999798e-03
1.995262314968878920e-03 4.837700000000000333e-03
2.511886431509579437e-03 5.263399999999999676e-03
3.162277660168379394e-03 5.751400000000000262e-03
3.981071705534973415e-03 6.263300000000000291e-03
5.011872336272724625e-03 6.851600000000000225e-03
6.309573444801930275e-03 7.499300000000000410e-03
7.943282347242813790e-03 8.244400000000000686e-03
1.000000000000000021e-02 9.054299999999999501e-03
1.258925411794167490e-02 9.916700000000000514e-03
1.584893192461113431e-02 1.090099999999999923e-02
1.995262314968879874e-02 1.201799999999999917e-02
2.511886431509579437e-02 1.320999999999999952e-02
3.162277660168379134e-02 1.454699999999999917e-02
3.981071705534973415e-02 1.613399999999999904e-02
5.011872336272722023e-02 1.780899999999999844e-02
6.309573444801933051e-02 1.976699999999999985e-02
7.943282347242813790e-02 2.178300000000000028e-02
1.000000000000000056e-01 2.436200000000000171e-02
1.258925411794167282e-01 2.712799999999999934e-02
1.584893192461113431e-01 3.022100000000000133e-02
1.995262314968879735e-01 3.379200000000000259e-02
2.511886431509580131e-01 3.825900000000000134e-02
3.162277660168379412e-01 4.340399999999999814e-02
3.981071705534972027e-01 4.951799999999999952e-02
5.011872336272722439e-01 5.692099999999999937e-02
6.309573444801932496e-01 6.648199999999999943e-02
7.943282347242814900e-01 7.755399999999999794e-02
1.000000000000000000e+00 9.247600000000000264e-02
1.258925411794167282e+00 1.114399999999999974e-01
1.584893192461113598e+00 1.368000000000000049e-01
1.995262314968879513e+00 1.705599999999999894e-01
2.511886431509580131e+00 2.177699999999999914e-01
3.162277660168379523e+00 2.823999999999999844e-01
3.981071705534972249e+00 3.749899999999999900e-01
5.011872336272721995e+00 5.062100000000000488e-01
6.309573444801933384e+00 6.990600000000000147e-01
7.943282347242815788e+00 9.805899999999999617e-01
1.000000000000000000e+01 1.413699999999999957e+00
