#Closed blue contour from Fig. 8 of https://arxiv.org/abs/1901.07120
0.0000023406456198384314 0.11083022592008046
0.000002836960062425641 0.10946120979018022
0.000003489936845990129 0.10293452717988433
0.0000046231295062857024 0.08992701158690185
0.000006034271710674596 0.07953326703701379
0.000007314556838763206 0.07121309448426115
0.000008998604518236219 0.06376247895923919
0.000010747529197468831 0.05779706731263013
0.000013619132902506598 0.05111823660052379
0.000018583492101491936 0.04357584360322729
0.000023899369327793926 0.03901521806155514
0.00003309697478361182 0.03325816459361056
0.00004384480981324889 0.02835173351783997
0.000053148014888879755 0.025076491870085774
0.00006163125888350324 0.02137959236679058
0.00006938341175809185 0.01868061667196145
0.00006942987053230339 0.009997091066617166
0.00005815304891185225 0.00782464376637443
0.0000516678604719822 0.007181961272977045
0.000044568312336265844 0.006511920199952698
0.00003959600564282234 0.006277446922084519
0.000029024878429175474 0.005978706802422265
0.000021913932469179167 0.005907336139095684
0.00001781400923195896 0.006205359970563932
0.00001344843295172116 0.006680646986875428
0.000010002844136354456 0.007741391123155464
0.000007551009390651128 0.008861146622297245
0.000005870994812683287 0.010652337801549961
0.000004564764564222276 0.012805600163843415
0.0000032958331969774413 0.01677453775400495
0.0000022760568058567675 0.024840310658614556
0.0000018225315717609977 0.03417143690657677
0.0000016185828950481906 0.04700343086131674
0.0000015945034246924542 0.05649283441083028
0.000001594084925126525 0.07218896908977818
0.0000015938547971868448 0.08261015764229158
0.0000019313367708480937 0.10298858165209696
0.0000023406456198384314 0.11083022592008046
