#  Gravitational microlensing limits on primordial black holes as constituents 
#              of dark matter based on 20 years of OGLE observations
#                           of the Large Magellanic Cloud
#
#      P. Mroz, A. Udalski, M. K. Szymanski, I. Soszynski, L. Wyrzykowski,
# P. Pietrukowicz, S. Kozlowski, R. Poleski, J. Skowron, D. Skowron, K. Ulaczyk,
#         M. Gromadzki, K. Rybicki, P. Iwanek, M. Wrona, and M. Ratajczak
#
# pmroz@astrouw.edu.pl
# 
# Figure 1: 95% upper limits on compact objects as constituents of dark matter
# 
# Byte-to-byte description of file:
# ------------------------------------------------------------------------------
#  1- 10 F6.4 M_PBH   PBH mass (solar masses)
# 12- 21 E6.4 f_lim1  strict limits (no PBH lenses observed)
# 23- 32 E6.4 f_lim2  relaxed limits (Cautun+2020 Milky Way model)
# 34- 43 E6.4 f_lim3  relaxed limits (Han & Gould+2003 Milky Way model)
# ------------------------------------------------------------------------------
1.0000e-06 1.2254e+00 1.8031e+00 1.6089e+00
1.2589e-06 9.6033e-01 1.4276e+00 1.2601e+00
1.5849e-06 7.6798e-01 1.1329e+00 1.0375e+00
1.9953e-06 6.1346e-01 9.0915e-01 8.2993e-01
2.5119e-06 4.8697e-01 7.0782e-01 6.6534e-01
3.1623e-06 3.8893e-01 5.6876e-01 5.3188e-01
3.9811e-06 3.0595e-01 4.4893e-01 4.1814e-01
5.0119e-06 2.4431e-01 3.5869e-01 3.3226e-01
6.3096e-06 1.9532e-01 2.8816e-01 2.6581e-01
7.9433e-06 1.5629e-01 2.3065e-01 2.0995e-01
1.0000e-05 1.2376e-01 1.8506e-01 1.6973e-01
1.2589e-05 9.9723e-02 1.4606e-01 1.3643e-01
1.5849e-05 7.9688e-02 1.1756e-01 1.0938e-01
1.9953e-05 6.3987e-02 9.4000e-02 8.7727e-02
2.5119e-05 5.1432e-02 7.5642e-02 7.0534e-02
3.1623e-05 4.1378e-02 6.1380e-02 5.6915e-02
3.9811e-05 3.3335e-02 4.9534e-02 4.6277e-02
5.0119e-05 2.7289e-02 4.0396e-02 3.7531e-02
6.3096e-05 2.2293e-02 3.3217e-02 3.0572e-02
7.9433e-05 1.8385e-02 2.7552e-02 2.5399e-02
1.0000e-04 1.5276e-02 2.2959e-02 2.1216e-02
1.2589e-04 1.2765e-02 1.9387e-02 1.7968e-02
1.5849e-04 1.0845e-02 1.6580e-02 1.5292e-02
1.9953e-04 9.2667e-03 1.4310e-02 1.3142e-02
2.5119e-04 8.0222e-03 1.2602e-02 1.1551e-02
3.1623e-04 7.0436e-03 1.1208e-02 1.0296e-02
3.9811e-04 6.2600e-03 1.0030e-02 9.2568e-03
5.0119e-04 5.6070e-03 9.1652e-03 8.3872e-03
6.3096e-04 5.0730e-03 8.4583e-03 7.7792e-03
7.9433e-04 4.6679e-03 7.8930e-03 7.2255e-03
1.0000e-03 4.3187e-03 7.4251e-03 6.7891e-03
1.2589e-03 4.0311e-03 7.1107e-03 6.4499e-03
1.5849e-03 3.7579e-03 6.8374e-03 6.2097e-03
1.9953e-03 3.5394e-03 6.6420e-03 5.9519e-03
2.5119e-03 3.3558e-03 6.5007e-03 5.8032e-03
3.1623e-03 3.2246e-03 6.4004e-03 5.7036e-03
3.9811e-03 3.1056e-03 6.3686e-03 5.6238e-03
5.0119e-03 3.0054e-03 6.3549e-03 5.6272e-03
6.3096e-03 2.9219e-03 6.3940e-03 5.6509e-03
7.9433e-03 2.8569e-03 6.4890e-03 5.7048e-03
1.0000e-02 2.8101e-03 6.5942e-03 5.8043e-03
1.2589e-02 2.7870e-03 6.7799e-03 5.9352e-03
1.5849e-02 2.7848e-03 7.0474e-03 6.0887e-03
1.9953e-02 2.7739e-03 7.3335e-03 6.2816e-03
2.5119e-02 2.7901e-03 7.7048e-03 6.5062e-03
3.1623e-02 2.8193e-03 8.1417e-03 6.7991e-03
3.9811e-02 2.8795e-03 8.6357e-03 7.1481e-03
5.0119e-02 2.9373e-03 9.2333e-03 7.4874e-03
6.3096e-02 3.0208e-03 9.9050e-03 7.8861e-03
7.9433e-02 3.1118e-03 1.0675e-02 8.3277e-03
1.0000e-01 3.2057e-03 1.1446e-02 8.7436e-03
1.2589e-01 3.3430e-03 1.2286e-02 9.1930e-03
1.5849e-01 3.5052e-03 1.3150e-02 9.6343e-03
1.9953e-01 3.6269e-03 1.3976e-02 1.0023e-02
2.5119e-01 3.8347e-03 1.4794e-02 1.0400e-02
3.1623e-01 4.0455e-03 1.5504e-02 1.0681e-02
3.9811e-01 4.2704e-03 1.6093e-02 1.0961e-02
5.0119e-01 4.5351e-03 1.6509e-02 1.1146e-02
6.3096e-01 4.8236e-03 1.6841e-02 1.1263e-02
7.9433e-01 5.1875e-03 1.6973e-02 1.1310e-02
1.0000e+00 5.5029e-03 1.6773e-02 1.1323e-02
1.2589e+00 5.8729e-03 1.6554e-02 1.1391e-02
1.5849e+00 6.3629e-03 1.6253e-02 1.1409e-02
1.9953e+00 6.8002e-03 1.5942e-02 1.1469e-02
2.5119e+00 7.3590e-03 1.5648e-02 1.1744e-02
3.1623e+00 7.8702e-03 1.5398e-02 1.1993e-02
3.9811e+00 8.5353e-03 1.5291e-02 1.2290e-02
5.0119e+00 9.2583e-03 1.5452e-02 1.2734e-02
6.3096e+00 9.9816e-03 1.5574e-02 1.3307e-02
7.9433e+00 1.0868e-02 1.5883e-02 1.3895e-02
1.0000e+01 1.1723e-02 1.6308e-02 1.4416e-02
1.2589e+01 1.2757e-02 1.6917e-02 1.5333e-02
1.5849e+01 1.3876e-02 1.7710e-02 1.6155e-02
1.9953e+01 1.5096e-02 1.8603e-02 1.7176e-02
2.5119e+01 1.6706e-02 1.9684e-02 1.8618e-02
3.1623e+01 1.8244e-02 2.1043e-02 1.9982e-02
3.9811e+01 1.9946e-02 2.2612e-02 2.1513e-02
5.0119e+01 2.2170e-02 2.4426e-02 2.3500e-02
6.3096e+01 2.4589e-02 2.6403e-02 2.5728e-02
7.9433e+01 2.7129e-02 2.9050e-02 2.8427e-02
1.0000e+02 3.0249e-02 3.1584e-02 3.1139e-02
1.2589e+02 3.3722e-02 3.5388e-02 3.4657e-02
1.5849e+02 3.7937e-02 3.9277e-02 3.8952e-02
1.9953e+02 4.2724e-02 4.4145e-02 4.3173e-02
2.5119e+02 4.8287e-02 4.9428e-02 4.8658e-02
3.1623e+02 5.4870e-02 5.5552e-02 5.5500e-02
3.9811e+02 6.2982e-02 6.3534e-02 6.3131e-02
5.0119e+02 7.1013e-02 7.2314e-02 7.1943e-02
6.3096e+02 8.2493e-02 8.3145e-02 8.2640e-02
7.9433e+02 9.4737e-02 9.6240e-02 9.5487e-02
1.0000e+03 1.1010e-01 1.1110e-01 1.1152e-01
1.2589e+03 1.2938e-01 1.3047e-01 1.2939e-01
1.5849e+03 1.5105e-01 1.5256e-01 1.5283e-01
1.9953e+03 1.7742e-01 1.8011e-01 1.8046e-01
2.5119e+03 2.1313e-01 2.1396e-01 2.1238e-01
3.1623e+03 2.5441e-01 2.5623e-01 2.5551e-01
3.9811e+03 3.0681e-01 3.0848e-01 3.0682e-01
5.0119e+03 3.7077e-01 3.7462e-01 3.7354e-01
6.3096e+03 4.5684e-01 4.5975e-01 4.5668e-01
7.9433e+03 5.6736e-01 5.7328e-01 5.7014e-01
1.0000e+04 7.0960e-01 7.1597e-01 7.1386e-01
