#Dashed lines from Fig. 7 of https://arxiv.org/pdf/1901.07120.pdf
0.000002585025623359679 1.0275817308573225
0.000003843203463098768 0.67781505530995
0.000005842371429350214 0.48045674247608056
0.000023419423789559984 0.1340450160764806
0.000056563667758931314 0.066395188338507
0.00010720680715583714 0.04137118207201642
0.00015948247751170963 0.035098050755675236
0.00023205783115191322 0.02934948228204913
0.00033034632088160853 0.026560961096549728
0.0005865991128913308 0.025842680179625203
0.0010888623250529465 0.027021038090744905
0.0015508538148506933 0.030340498475738224
0.0023089441048352154 0.03608850963838886
0.00511868541006099 0.05408066739528171
0.009940862352575734 0.08705748778614976
0.03283191298912589 0.20393108353269657
0.08692699316174145 0.4379909536276088
0.34258301357054416 1.026413022479446
