#Left hand bump of orange curve (SKA projection) in Fig. 3 of https://arxiv.org/abs/1901.04490
1.5380431286961136e-11 10.112932173187325
2.2230900314475195e-11 6.481537284129967
3.3137045744013995e-11 4.257974436037799
4.504703644467488e-11 3.087898664139032
5.759090539920678e-11 2.4116977303932945
7.139591913444334e-11 1.837632286978802
9.412094616634336e-11 1.3660095051856307
1.203300135716361e-10 1.06687504405861
1.6868091396156526e-10 0.7548113598636184
2.091427147304044e-10 0.6348813900502852
2.757210759240862e-10 0.48374591808980605
3.7484442711950855e-10 0.3685840340543261
4.942047763550051e-10 0.29506687081204125
6.515941049523172e-10 0.24212185405104883
8.591071918406967e-10 0.19867697124988482
1.033030785818797e-9 0.1799683083354033
1.4484567815202795e-9 0.15136593935235657
1.969575369269588e-9 0.1337596158665951
2.848142645470739e-9 0.1211547515962103
3.994293584753077e-9 0.11818169770738625
5.601771544405864e-9 0.11671449661101017
8.616192618309536e-9 0.12412854622877846
1.4534591724498696e-8 0.14041904784677672
3.1364319081346346e-8 0.19354107746546084
5.803819082736614e-8 0.2734496974240328
1.3738894405784446e-7 0.48250756129262934
2.7041046702415044e-7 0.7906331895583351
6.20798318523193e-7 1.5024362449963897
0.000001340112223330597 2.7174957197058527
