0.000003807649353612377 1.1161321511723359
0.000005177375714960438 0.9622387964481758
0.000007961188349310571 0.8295222978591503
0.000011163828609329732 0.7513616315917554
0.000018255908313627577 0.663915489994044
0.000032739321205712215 0.6012978682155965
0.000053543029579576024 0.5721926502488106
0.00010859049465406402 0.5246406027994084
0.00017759561792082362 0.5054512944826519
0.0002568410059499981 0.4930416126382425
0.0002727804890861243 0.1881125837310755
0.0003263633098601948 0.003986263136001781
0.00039252519309330677 0.004292612854988699
0.00048697003548003865 0.005632598976860536
0.0006831621031831189 0.007034199527769279
0.0008476205050361742 0.00994009686791535
0.0009885518716246221 0.010442927865511067
0.0012646180597441132 0.013042013991565357
0.0014750283670217634 0.014755881085588172
0.0016681311117892612 0.01512421042555418
0.002006831987649282 0.01984565019655953
0.002489281873825415 0.0230146515105245
0.0030882238993725614 0.030198927070799984
0.005542668196299825 0.049485614060915416
0.006466151012387604 0.06493473844766792
0.008270544809794035 0.07167231628861753
0.010910941681122433 0.09174827777209903
0.050866256154425374 0.4138361792421351
101.10968993944329 0.3830702759526554
