#2-sigma radio constraint, Fig. 5 of https://arxiv.org/pdf/1812.07967.pdf
23.89955873659273 0.007073480986156596
28.51891139777348 0.0018447345233803243
33.40863653045057 0.001085440763681504
34.06301111701948 0.0010207027527736998
37.49347477662895 0.0008421068868289515
44.28072918801088 0.0006432146901232789
50.10177294495821 0.000547142130932746
55.37246526869782 0.0004987615798446234
62.45959761670817 0.00045461478097390614
72.49638694744827 0.0004017922794495404
83.97414883430429 0.0003661821672398762
100.08882901260793 0.0003311313309934145
