#Limits from https://arxiv.org/abs/2406.11949
1.590362935107815096e-19 1.338948520000000080e-08
3.652644086570210702e-19 2.119252925305807637e-07
8.389159812915187437e-19 1.258208203362939094e-06
1.926768683140863452e-18 1.105092232361309613e-05
4.425279338005971604e-18 1.473839635824993630e-04
1.016369914600223901e-17 9.434978795864637328e-04
2.334333551404542040e-17 1.151110359903873871e-02
5.361348315151852590e-17 2.271817224650471090e+00
1.231360262936144340e-16 1.020958527751564247e+03
2.828109661991294939e-16 1.000000000000000000e+04
