# PROJECTED CONSTRAINTS
# Sugiyama 1905.06066 fig. 8 red line
# Columns: M_PBH [Msun], f_PBH
2.5222387788350663e-12  0.9089838950196469
2.5309970856097965e-12  0.833659771364083
2.5358919912903027e-12  0.757363240946154
2.535656256380794e-12  0.6929582119555563
2.535420543385053e-12  0.6340300895997427
2.5403314158507265e-12  0.5776125621572888
2.540095268255129e-12  0.5284932600842185
2.5398591426116627e-12  0.4835509894578579
2.5447835621529275e-12  0.4413433894778466
2.5445470006886367e-12  0.40381221255061805
2.5443104612149494e-12  0.3694726303659989
2.549246982244353e-12  0.337661802407833
2.5490100058633642e-12  0.30894755144164426
2.5487730515115494e-12  0.28267511711763943
2.5608424029097124e-12  0.2586420314996047
2.5729689070006527e-12  0.23665224283042505
2.572730812583186e-12  0.2166151808807387
2.5730626529078665e-12  0.19745773829874097
2.572827086566358e-12  0.18090967239124894
2.5844117554787525e-12  0.1646208897708972
2.5966498688784206e-12  0.1506247942577057
2.596422200292741e-12  0.13851356634897213
2.593917205616438e-12  0.12658793037039978
2.593676076719845e-12  0.11582308348506618
2.605970644929669e-12  0.10646618513722549
2.629958044250924e-12  0.09286005698578671
2.6297135650208533e-12  0.08496337763973513
2.629469108517406e-12  0.07773822000838491
2.629224674738491e-12  0.07112747889681113
2.634335842822182e-12  0.065237387250865
2.6394379863069474e-12  0.05942554781588101
2.6391926258274715e-12  0.054372088758266046
2.6443198192676724e-12  0.049809116206989565
2.644074004976114e-12  0.04557342400558354
2.643828213535286e-12  0.04169792868762542
2.6489558309045918e-12  0.038080465429771525
2.6487095856523355e-12  0.03484216002044647
2.6550871879532224e-12  0.027357081757439446
2.653839194189832e-12  0.03173388365331175
2.6584874016502944e-12  0.024222271642353622
2.6595777682883512e-12  0.02205457485601512
2.674130388814487e-12  0.019429603873357466
2.687389643869979e-12  0.017073862284768614
2.6953151484378313e-12  0.015458455025170565
2.7073804473580223e-12  0.013958668185570608
2.7181012206223593e-12  0.012529122809561647
2.7233351038759963e-12  0.011291407873929092
2.738308908583462e-12  0.010201838838741614
2.7547775657683387e-12  0.009259413064814571
2.772962228812801e-12  0.008424704736633567
2.79367687975598e-12  0.0076063934049665815
2.811906323572294e-12  0.006902195137251148
2.8446989339802338e-12  0.006318739672860342
2.87200477640243e-12  0.00573511176985525
2.9131738596790795e-12  0.00523025894684965
2.9738764651645416e-12  0.004714895898145039
3.0408112875681117e-12  0.004286553393196957
3.138231623837367e-12  0.003964141360270645
3.271103999857964e-12  0.0036527664735127013
3.4204772064760548e-12  0.0034399005804942816
3.576755273424823e-12  0.003312828197550912
3.740232432037103e-12  0.00323885218724201
3.911223454828895e-12  0.0031992570215064334
4.090063043739076e-12  0.003183442313330099
4.277126027463891e-12  0.0032004469016260638
4.472753108401166e-12  0.003223455880059881
4.677358321187791e-12  0.003266962928108956
4.891341949192135e-12  0.0033232392380860743
5.11513079555626e-12  0.0033904312897145928
5.349172821053251e-12  0.003467885382153038
5.593940594710922e-12  0.0035575454932409785
5.849924197581664e-12  0.0036589176672246807
6.117626533629957e-12  0.0037659434709505415
6.3975941229587226e-12  0.0038846501372933493
6.690381883513661e-12  0.004011515761162444
6.996582599890751e-12  0.0041501381807635285
7.316802917848095e-12  0.004296705581683072
7.651696748782697e-12  0.004458262027368614
8.0019219164371e-12  0.004627592155230412
8.36818685460071e-12  0.004808648582757012
8.751226601109428e-12  0.0050022970873156835
9.151809897806138e-12  0.005209480293196356
9.570729707189201e-12  0.005425244532960016
1.0008817684807253e-11  0.005645796908204233
1.0467014874447626e-11  0.005905600704414011
1.0946183829648231e-11  0.006175091757406637
1.14472842392557e-11  0.0064545097094684855
1.1971333495883057e-11  0.00675152820879778
1.2519363769418799e-11  0.007057029448212949
1.3092512250222262e-11  0.007392625868571361
1.3692005212766267e-11  0.00780127118477573
1.5981918053486088e-11  0.009219224846566426
1.6666584732644546e-11  0.009640631140074246
1.7478715996812944e-11  0.01009835283120725
1.827892944454882e-11  0.010590240332651112
1.9037000930794005e-11  0.010441406801954864
1.9800110968055598e-11  0.009700899747431583
2.0460278116412e-11  0.008906098787795653
2.132733387487433e-11  0.008494696367403272
2.2302296240786322e-11  0.008371947042241302
2.334494116910042e-11  0.008431881277974312
2.4389557364219604e-11  0.008654686172474661
2.5505954806406632e-11  0.0090053365520051
2.6673309588338867e-11  0.009321900414451774
2.7894332882032083e-11  0.009729657451508758
2.917140220467951e-11  0.01020572331750179
3.0506627436983554e-11  0.010601132470688428
3.190306540547603e-11  0.011043976002475146
3.336351490456439e-11  0.011534933480817
3.489054180918461e-11  0.011956086463326444
3.6486159313578684e-11  0.011977469514913514
3.815527643451823e-11  0.012158893322620412
3.993989474715335e-11  0.012493939931441427
4.1727090788222624e-11  0.012825661324394838
4.38040797110886e-11  0.013454583637188752
4.5634756944520054e-11  0.013956491487772118
4.7723777845610165e-11  0.014566974046451048
4.990853189256992e-11  0.015234507828747199
5.2192136422526973e-11  0.015596046123649555
5.4885229559719286e-11  0.01601723521356721
5.6902070259563174e-11  0.016617736418966664
5.94486151625783e-11  0.017152481707365958
6.203415458523008e-11  0.017928910411988404
6.528131351814086e-11  0.01883346005825632
6.826970551894325e-11  0.01966037217602901
7.13943235484585e-11  0.02036644509503437
7.466259672089998e-11  0.02127292980817705
7.80804649457526e-11  0.02221453367328255
8.165539508528081e-11  0.02336145499510571
8.539255616268978e-11  0.02417255016414155
8.930148047187662e-11  0.02520609752808669
9.33898083588455e-11  0.026410302441599674
9.766635789952991e-11  0.027958775323509925
1.0213673463280815e-10  0.029047339558974938
1.0681185218731327e-10  0.030211553421628394
1.1170098593836685e-10  0.03142819922965673
1.165634377861901e-10  0.032868107081047745
1.221640405495166e-10  0.03486407291809916
1.2775677841710137e-10  0.03650862079739464
1.3360545229308757e-10  0.0382026726647417
1.3972176967223597e-10  0.03994598024662048
1.4611859082046482e-10  0.04190712338407453
1.5280850965922888e-10  0.04402917910705924
1.5980521200875616e-10  0.04639479561400015
1.671224034748549e-10  0.04892343344265486
1.7477389736661532e-10  0.05138190163717571
1.8277577571728841e-10  0.05398373277284462
1.9114474772687993e-10  0.0569259875454944
1.9989776451049147e-10  0.06027159060449669
2.0905104262755123e-10  0.06364998199396597
2.1862311155987997e-10  0.06711907265668168
2.2863399518091813e-10  0.07093336530054806
2.3910346687913495e-10  0.07501950024557315
2.500519661605406e-10  0.07922455325860953
2.615021968260622e-10  0.08378830424099117
2.734765395220058e-10  0.08854988839074818
2.8599985375979955e-10  0.09378850000488687
2.990971078559983e-10  0.09948305922448344
3.127931844313082e-10  0.10521380670858774
3.2711617226390106e-10  0.11119297526794039
3.42096726712603e-10  0.1180742974867921
3.5776429002534264e-10  0.12570421398040352
3.741489751749562e-10  0.1336798119162454
3.912840368013095e-10  0.142161440321711
4.092047833876102e-10  0.15151469599503609
4.2794613291981726e-10  0.16142403920898285
4.475430749784331e-10  0.17097388576406577
4.680370604336279e-10  0.1809557422681584
4.894728952520704e-10  0.1927905847228363
5.118879229483877e-10  0.20442117011011138
5.353181188942224e-10  0.21241923163528492
5.598259259170926e-10  0.22268430901769837
5.854703623119185e-10  0.23908504402178207
6.122913975385968e-10  0.2574489604683861
6.40340395657402e-10  0.2769181350244013
6.696681410764912e-10  0.29524587213812026
7.003431398624426e-10  0.3165254666499887
7.324201509467435e-10  0.33797070988847294
7.659681139310746e-10  0.361664952382712
8.010601019035275e-10  0.39044656381058507
8.377501361244633e-10  0.41690011151771955
8.761196320926334e-10  0.44465577804475576
8.977825556778192e-10  0.45981358529758637
