#2-sigma X-ray constraint from Fig. 5 of https://arxiv.org/pdf/1812.07967.pdf
20.03374125617624 0.002473614146129683
21.385954819527218 0.0024728437621148566
23.30016779373657 0.0025100697834848085
26.17497579075058 0.0025474842161244465
28.69300668764962 0.0025857583590987963
32.101874171567054 0.0026243520760971003
36.28409178105329 0.0027045922080010595
39.93725401192194 0.0027876384316226892
43.779140674687206 0.0028732905792361336
48.68122019115445 0.002961372659569623
53.473203704736285 0.0030995497459653395
58.85700356161166 0.003194723391947278
66.38910629898488 0.003343365474733429
74.42783576062311 0.003553152090681365
85.1604166908067 0.0038341415092629874
92.78279318902472 0.003952063605444781
100.26544471884988 0.004073771104096849
