#https://arxiv.org/abs/1812.00674
8895678389.637236 0.2891042364845507
9801940671.186342 0.15673303826950402
10702743008.19633 0.0990123363586655
12193020700.254778 0.048392969687099906
13662700766.187565 0.024306329582628555
15167379479.644188 0.014273991595639187
17757289358.118565 0.006406186989340765
19845135255.644707 0.0047131104775635
23756128209.786713 0.0024318811966420706
28959909110.480015 0.0012207049649114049
35051997375.448494 0.0007541608340458182
46284972476.75727 0.00041107692822660855
71255922491.67667 0.0002592240096755137
127977686215.66913 0.00015939868207256463
223924286558.6218 0.00010222990032699694
409442782651.2706 0.0000680462646549116
700106170437.6315 0.000043347979099515436
1614268668839.986 0.00002481678738707514
2756084176322.677 0.000015777277694848546
4076892054392.465 0.000012285006310377614
8616981961819.92 0.000006427597171924175
12248623778137.51 0.000004771778547129306
22293462309225.375 0.0000032130617374048582
39235866712858.67 0.00000205810264465379
75523302972992.33 0.0000014439869869503128
164113741037455.78 0.0000014616588379842989
331595912491122.94 0.000002049774651996254
767156611172229.4 0.000003167456980150285
1199144083547935.2 0.000004512110097039467
2044574069486289 0.000007274701518732672
3280962036970562 0.0000118031436640718
5201551917461920 0.00001948574043127677
8147006172485247 0.000032399278484333114
2044574069486289 0.000007274701518732672
3280962036970562 0.0000118031436640718
5201551917461920 0.00001948574043127677
8147006172485247 0.000032399278484333114
13310151738057832 0.00005665068012652466

