#https://arxiv.org/abs/astro-ph/9605054
#https://ui.adsabs.harvard.edu/abs/1994ApJ...420..439M/abstract
2.39240565179023 0.07623756962705426
2.4991559506069927 0.06580781940363362
2.5971565721181413 0.056520764858910916
2.6850646375447513 0.047869145704802815
2.7772689092929608 0.04104285320293335
2.9077127152878024 0.03538962499222922
3.0600755741280214 0.03014031329294174
3.2351334900267537 0.025652719739190144
3.4483543519851008 0.022149928187852604
3.640563948842341 0.019296534420973097
3.835551931047877 0.01677573976673916
4.12219738275322 0.014350959152186727
4.468465956434381 0.012078045922660386
4.8001395501131565 0.010193379736748031
5.036831030839047 0.008745422977297856
5.556750781589757 0.007378090451869614
5.978543408587045 0.006273687815443241
6.433963282018181 0.005369196734729431
6.923786198505494 0.004590159922063303
7.449685664741236 0.003907678734930404
8.113641442424646 0.003376906929681399
8.566630545095713 0.0028250914924878045
9.384430492170978 0.002494729904478604
10.089998484035224 0.0020848784615694472
10.792043830787737 0.001778277802518493
11.571028469022362 0.001529520987903649
12.501363730265776 0.0013092631042292227
13.450577129480116 0.0011138836141249958
14.418559450732685 0.0009531058899374925
15.519817369416348 0.000819658940225559
16.555135267567863 0.0006995246404889014
18.06049333722744 0.0005975127611324478
19.465535243641572 0.000509388466662722
20.900834000085215 0.0004409086498810405
22.415903627174764 0.0003820463408894578
24.128987880121805 0.0003289091727510588
25.974616290592063 0.0002836206170121635
27.96491720471136 0.00024535976771826484
30.108980862803353 0.00021248917984975413
32.42013467646218 0.00018441919284060005
35.36880780721058 0.00015945484296533402
38.96385629683035 0.00013724174992839837
42.77868128724005 0.00011785310236209971
46.95948267347771 0.0001007859265872333
52.0589825660565 0.00008600484910967551
57.92624079108889 0.00007573717033606301
67.93680018293432 0.00006133592104696745
80.03100644163446 0.000050872564168371827
94.99933419953207 0.00004613452507574056
117.84070356408989 0.00004269099130265734
146.35707114693 0.0000408022251006713
181.96039519145273 0.0000400420791396646
226.3380031317385 0.000039807450244254986
281.6027737571983 0.000039807450244254986
350.36149957367775 0.000039807450244254986
435.9089889127157 0.000039807450244254986
542.3939152380647 0.00003990113637109713
675.1063118127647 0.000040325459991622874
840.099426673176 0.00004051549385660804
1045.701704233028 0.00004099450572282629
1301.7703127576065 0.00004160124243415882
1620.8393886571344 0.00004241590667655
2018.6188512986835 0.000043526995759532667
2514.763560962912 0.0000450097465754303
3134.0651501197253 0.00004701032807230743
3908.013873205678 0.00004979725656587612
4875.4443936915495 0.000053412278175329786
6087.971612721797 0.00005866964154831473
7608.589428280479 0.00006589015725747842
9468.229560504284 0.0000737751380922593
11340.104957168423 0.00008611081451598114
13450.243449164753 0.00010028765768591847
15220.78950295021 0.0001165650342457794
17285.761989748135 0.00013571278117972512
18971.80958515144 0.00015906264365725194
21773.892117292045 0.0001860156266626279
24086.679308153824 0.0002138777337426478
26234.219388782167 0.00024947943479231856
28515.414515476958 0.0002893588340999348
30783.906918879988 0.00033585631518810835
32866.61326520795 0.00039095737146737156
35737.403335433824 0.0004598299648701398
38386.140578444334 0.0005363093905525531
41274.56874865419 0.0006264531736144451
43676.763617087556 0.0007300160609888374
46600.0413413484 0.0008566780867063031
49139.85717521805 0.0010105292497734181
52955.10244677081 0.001218500093478863
56440.21669311411 0.001489091534998943
60571.063167862645 0.0018045970959631023
64501.42551560855 0.002176693631022423
68183.13341407613 0.0025321675872103408
72644.80449813299 0.0029911071039383777
75825.34812747985 0.0035322115487812925
95708.9100325762 0.007667524861194372
101277.87520462791 0.009231453931687943
107473.52894121234 0.010911434917888574
111501.56106882883 0.012905991953958713
117199.5111072947 0.015039562103297996
130788.72356033487 0.022048153263626843
122747.96317818352 0.017803711105384472
142399.88630401817 0.027716795489317225
149038.27167971816 0.033544282219639586
161451.92502657528 0.04101150913274823
172911.39151348604 0.05172731892647908
188486.97811202207 0.06652067405369608
197063.85256133362 0.08023681733053135
