# from 1812.00674 Inomata & Nakama
7702609960.251501 0.9205126453608514
7903682467.401335 0.5271626667988459
8895678389.637236 0.2893192227814747
9951655882.448364 0.13098944223520187
10702743008.196331 0.0990123363586655
12193020700.254778 0.048392969687099906
13662700766.187565 0.024323013621053154
16312115952.956802 0.010981195340260402
17543249789.44549 0.007671344254436633
19845135255.644707 0.0047131104775635
21043085275.029522 0.0035751928857216974
23756128209.786713 0.0024318811966420706
27146167864.99108 0.001664126557139996
28959909110.480015 0.0012207049649114049
35051997375.448494 0.0007541608340458182
46849680593.205215 0.0005502153602757423
82839598901.49858 0.00029336965069926837
112176943039.09868 0.00022398887980589047
1738444159877.2495 0.00004567563842608496
2471114430549.343 0.000053710899887892514
3732141412537.8774 0.0000664613305146116
5775060977675.408 0.00008225340717201457
8616981961819.92 0.00010451834386424969
12549330133305.457 0.00013568403813629944
17410827262155.258 0.0001800972059502839
24155624462225.047 0.00024325458054755888
35179011316926.12 0.00033988837193268495
44294468604317.79 0.0004523970545376869
59258203993136.484 0.0006224767674680513
77377416347573.77 0.0008488921507211805
103517366092510.56 0.0011761670623936995
135169576456824.06 0.0016247785337440825
176499993085112.84 0.002233403054172917
230467893557362.75 0.0030944509348284277
304609046177912.5 0.004309827956281315
402601288974440.44 0.005820354256909691
532117479496030.94 0.008451766650739472
653943371959977.6 0.011415108067555902
843605218408212.9 0.015868989596147257
1088274298724933 0.02210991257604892
1386982123012763.8 0.030543034646295708
1833172052885456.2 0.043048087427691055
2308176918655447 0.05951163121758301
3050713740421796.5 0.08292651415927793
3841203573872398 0.11255846605216965
5138854401732428 0.16459281922317948

