#https://arxiv.org/abs/1909.01593
1.9905896407766799 0.000011008872619537252
2.097205281350107 0.000008938162804174598
2.227866853975313 0.00000783498130031351
2.343146040719748 0.000006566350311991271
2.542410978580338 0.000005332492387425173
2.6519687205091507 0.00000474955449183252
2.9135318780844597 0.000003974935360606687
3.1522276180589475 0.0000032345815458754727
3.341743544404241 0.0000029287103700864145
3.6302804805769893 0.0000024084188641588355
3.9556749715395108 0.0000019573863426643295
4.162207251558583 0.0000018034955813888876
4.520018620963472 0.0000014698851134582753
4.983210665261423 0.0000011952685197867753
5.28280761695056 0.000001082240549291795
5.739494907690315 8.92193795996697e-7
6.253517325958129 7.238288242176183e-7
6.645044296307804 6.511818790997998e-7
7.287137189082129 5.399322199219319e-7
7.940257319918165 4.3874460692421803e-7
8.34952088822034 3.928413312054307e-7
9.15509119750877 3.2805523501658873e-7
10.332095994239785 2.5855893707759215e-7
11.548439782524266 2.004648552322123e-7
13.016779324308862 1.5723782902768594e-7
14.426843899313447 1.2667964585996693e-7
15.120013281640045 1.1410880926065476e-7
16.696244372184317 9.583344276593673e-8
18.324313991338904 7.745639235694794e-8
19.461204076351887 6.981525788367731e-8
21.34445118290263 5.79862667146581e-8
24.321439013697564 4.6120818189941297e-8
27.74950158894056 3.579675078471888e-8
32.22168757847765 2.8035652282271048e-8
37.42566416773482 2.212516625191122e-8
44.34347714531693 1.747484595906906e-8
53.85617280076483 1.402680892205275e-8
68.95319163389723 1.176104228257255e-8
104.1661104240389 1.046640788193666e-8
148.75588416611546 1.0154051083494082e-8
190.02380754835437 1.012624171577458e-8
227.98719952109465 1.0148085511132134e-8
335.8500252828891 1.0171968850069165e-8
514.9552509225675 1.0280141374535462e-8
744.0741604736984 1.0450700735897474e-8
1141.8290638781684 1.079083921254093e-8
1651.9104528008313 1.1326907546169082e-8
2082.91615778248 1.1759660019628855e-8
2539.5001974909223 1.2248472145978019e-8
3469.521343866667 1.3654417638207446e-8
4404.034802792561 1.494050502291842e-8
5033.7227337749055 1.599967810630554e-8
6503.433421450431 1.8920104891617886e-8
8487.152273842232 2.3281892075658702e-8
10690.096018620116 2.8654044124584025e-8
13102.548013532903 3.6279317799479785e-8
15326.873127418103 4.53115391520052e-8
18159.1314777175 5.8534642430521515e-8
20582.139526200845 7.370207939439171e-8
23559.68608450433 9.492911808755259e-8
26625.580869831043 1.2223717007563418e-7
29491.214411109187 1.5636898731479063e-7
32894.01217275535 2.0188921005707965e-7
36083.42358483524 2.6167184679227863e-7
39679.35645774354 3.4170845222914523e-7
42854.56806805397 4.324868793814544e-7
46924.62307333451 5.512425514676361e-7
51262.14158095652 7.248693872809523e-7
56063.407829528594 9.54158208088713e-7
60370.7678980443 0.0000012131728875967748
70780.9449596294 0.0000020364858417224574
78172.59509115503 0.0000028040755501146197
82935.34443860763 0.0000035002167498343483
88852.50230525775 0.000004454233637213548
95353.84833372045 0.00000565293735855769
104313.45743947859 0.000007739892662275104
111476.35393598961 0.000009604211830079614
119869.80740682459 0.00001241976080678518
130922.12131565444 0.00001619616019599684
140773.6917675857 0.000020921058476043728
151240.4703389601 0.000027243230181193662
158040.039299755 0.00003456747159275601
172971.30487130614 0.00004572664181010052
189583.05212549027 0.00006012870855686382
202044.1967419535 0.00007653509104139
216148.96114074995 0.00009719214968969257
235443.73321532147 0.0001266835014218285
260146.30726290558 0.00017707326461614923
248739.10278591182 0.00014808382136801025
273503.1814257667 0.0002207739208534896
300987.980894529 0.00029595140372120385
320566.7719804784 0.0003676700911498539
341626.2289958744 0.0004639771071846417
366182.7155671191 0.0005980924328191267
398785.28989973606 0.0007752889918564239
430908.7332421494 0.001010268460478676
457189.02383749094 0.001308160723501814
489494.7199405413 0.0016682650940141206
537435.675343164 0.002188995441515841
578837.0180456386 0.002865453638557739
611119.5276088193 0.0036701486256776462
639424.1324941549 0.00461412548655153
697804.1596966615 0.006018776427301126
758913.3561644194 0.008046574928871996
816400.4616138962 0.010676736128969083
851557.7490747998 0.012926866423470351
968404.3981045588 0.01770297234668769
1060515.380798698 0.02271382723081303
1135848.7964175232 0.028688173543165368
1236113.1354473378 0.037767807590498075
1343511.630641454 0.04926088294808587
1401327.3868650757 0.06114567718022469
1525006.6357568253 0.07827943148565972
