#https://arxiv.org/abs/1807.06211
   9.8594577338369601E-005   5.4222903828149948E-009
   1.2428268063341045E-004   4.4850406104796114E-009
   1.7552408581099059E-004   3.9065091974987288E-009
   2.5138857952225344E-004   3.4737110420717364E-009
   3.7032587273871665E-004   3.1861816117143821E-009
   5.5372076046588856E-004   2.8039697856192584E-009
   8.0387696675805341E-004   2.6256614932555923E-009
   1.6444824488627888E-003   2.5096617636831120E-009
   3.4125586552869536E-003   2.3987696883268961E-009
   1.1033171867427161E-002   2.2843792937457950E-009
   3.0913212782390852E-002   2.1982223387971454E-009
   9.5738780756700281E-002   2.1079278269633573E-009
  0.16725915588992910        2.0856531274380498E-009
  0.22256889208008707        2.1363042997092091E-009
  0.27934265780348805        2.3935007897394022E-009
  0.36567986087994225        2.8337137652828381E-009
  0.40374617225108261        3.0568982898211182E-009
  0.48428170060669967        4.0554781595146880E-009
