#https://arxiv.org/abs/1807.06211
   9.9611155223140838E-005   9.7362584301133960E-010
   2.0293105868972590E-004   1.2432689655298297E-009
   3.9060421879405738E-004   1.5391193366234071E-009
   9.0613420908985248E-004   1.8091539320357153E-009
   1.6501693024126682E-003   1.9714453519399027E-009
   2.8789280269425903E-003   2.1483412499859053E-009
   4.2953164641249411E-003   2.2003891577843137E-009
   9.1675717471132994E-003   2.1769198138378175E-009
   2.0429335084686275E-002   2.1168407002448791E-009
   5.1048945793506162E-002   2.0441556496509330E-009
  0.10590321678954581        1.9946779512232377E-009
  0.17729888111796360        1.9332275054843485E-009
  0.22970581727919623        1.7370096900504812E-009
  0.33435354106572479        1.3548649865730283E-009
  0.41533866136327957        1.1480631387793595E-009
  0.47353584789332803        9.6951950850584015E-010
