#https://arxiv.org/abs/1811.11158
1658558.4212124755 0.09147986676128685
1727565.798298063 0.07272099648794358
1774518.1534701404 0.05773946151815104
1800998.1166621684 0.04814846133104849
1870065.5488287606 0.039788871188804045
1880075.9897075195 0.03324709117540925
2059780.208101938 0.016004062372199476
2093256.8814518622 0.012863084129206644
2104137.3922304534 0.019452394878950927
2097957.719173036 0.010378360912863092
2130009.1928448137 0.008166498378866427
2113922.710989758 0.021928308088400066
2133911.0192170055 0.006727587181906929
2239363.1226833817 0.005579137426174125
2372400.6067365664 0.005171890276925194
3170578.0451062997 0.006267506885563178
3403414.2752922047 0.004476512645695066
3407912.2429619385 0.00372838194790608
3321128.2629458266 0.005329479937506005
3603250.8755044662 0.0030993678902780613
4218500.887281682 0.0028352556916995337
5169749.704752626 0.002859052366493869
6437263.306775219 0.0031261977210062745
7318826.290354977 0.0037007673960734486
8204796.718972823 0.004314000773623217
9083552.404281754 0.005043944507932221
10805321.3167005 0.006022019651822974
13539233.137030931 0.006094709778107897
16861206.266599953 0.006247014535313286
21026470.08675794 0.006629035263389308
26391453.424337298 0.007389717728937703
31290983.6922418 0.008368188123506355
38030188.59904122 0.009553991894449842
44766192.44782626 0.011349637740757146
54558236.20653797 0.01264107603863334
62182660.68047115 0.01502013010182255
69732576.12247317 0.017248600526825465
81568851.73976442 0.021110597142217004
101617961.24750231 0.022712572283409067
117423063.21494357 0.026392853585445356
132285972.38945113 0.03120663850486807
148736505.03624326 0.036739731273754635
162079423.21088126 0.0434172847639858
179952773.04835933 0.05213580327007022
222769205.8597477 0.05883211135546131
248982007.4129322 0.07117174536237786
274993454.6906361 0.08559502818994483
296150845.76699513 0.09431066513548347
