#https://arxiv.org/abs/1812.00674, https://arxiv.org/abs/1909.01593
1227301.438217541 0.09195713545875686
1181578.8810959316 0.03449968470549728
1135288.8692343463 0.012292376518710455
1099566.0135887507 0.0053838436220335
1015099.5319966372 0.0006834927205903531
964222.462395792 0.0003579375340895947
968117.1097699285 0.00027425495002100276
983431.6219906531 0.00021862207204129797
1019632.6756009536 0.00016416153136334332
1012379.6265154622 0.00012534076371550527
1020449.4301844438 0.00009913357171624183
1066060.5530160794 0.0000708323346423295
1117673.8738176366 0.000057542798747386475
1139935.0350904402 0.000044367781463169684
1179611.4828267987 0.00003533311019498413
1222949.3657278218 0.00002710854417065328
1259457.4431261632 0.000020774539881925296
1290110.4463689541 0.000015572869610306656
1343242.5841206182 0.000012394054371093702
1348757.5669641916 0.000009378151179365366
1361169.694919499 0.000007114111375186739
1401148.2696741899 0.000005513442120444647
1627278.2040685564 0.000005063476183489086
1853029.692858073 0.00000636172032621326
2161254.768870634 0.000008209874594021842
2445313.3557397854 0.000010434319253499805
2922376.9923587227 0.000011702707143512823
3843739.7183445105 0.00001055380636404608
4821562.865999107 0.000011178251016575568
5593991.976616746 0.000011858477097233642
6562470.318945999 0.00001356320136599832
8227407.809981098 0.000015132876158409472
9811654.810972517 0.00001578386361928771
11084511.87012965 0.000020031944857205743
13783315.045396382 0.000020539897039927705
15831963.345966844 0.0000262350324989026
19303041.047910485 0.000033576384849455355
24108182.565454934 0.00004171373053310889
28756620.218036395 0.00004129271513594834
32572243.410132073 0.00005174495581412778
37424911.83098815 0.00006661322393425124
45110696.446846396 0.00008527380045008833
54575618.41123033 0.00010665906614581616
67054787.06818174 0.00013402007458187658
81026263.76086287 0.0001690351650671708
98616782.31245139 0.00021502248432407291
119076333.32346177 0.0002703962694919177
147820566.06910837 0.0003376288996952883
178323120.71314043 0.0004243304972412567
215521055.12461844 0.0005379386633087971
264503347.29034612 0.0006829575776382084
319549973.2163233 0.0008568758942396154
385564469.4402384 0.001082401633292819
461686019.7230837 0.0013680133595144475
534248273.7356438 0.0017367442967080654
613414552.6586808 0.002195966419126066
720242657.0692829 0.002292224673914698
776703703.499344 0.002673470003686892
936135661.4601572 0.0033605411993156533
1141064513.6737618 0.004172060278098781
1376743034.3425798 0.0052652623908218295
1661366580.490661 0.00667258745571817
2002000319.4062755 0.008481035222483892
2375107777.5066977 0.01068735978979887
2861132858.416762 0.013468133704099734
3449548923.4347916 0.01667842146976464
4172674764.9681125 0.021614354700538813
5029098517.566773 0.02759837520087486
6055911452.523967 0.03468697104899621
7175998516.146771 0.04377964977515771
8806359684.1686 0.054125917566469325
10663216538.331564 0.07096292151500447
12993635388.493017 0.08948839251570449

