#https://arxiv.org/abs/1811.11158, https://arxiv.org/abs/1907.05237
   79177072.446220055        2.7315302777970505E-009
   86855138.710487485        4.6852639084431343E-009
   94026289.838113502        7.4040147498098579E-009
   101789523.47529219        1.1329546492246398E-008
   110193724.61857143        1.7747240833781971E-008
   119291814.42981206        2.8626318066991270E-008
   129141083.48016022        4.7130448754609274E-008
   141664327.46690193        8.0702656109260965E-008
   157470381.46632862        1.3400192098660678E-007
   175039979.94798297        2.2136495207078457E-007
   194569888.60309401        3.8688833859743939E-007
   216278827.05579942        6.2615527575890923E-007
   240409918.35099691        1.0343794446132866E-006
   267233411.74132380        1.6913247437216592E-006
   297049709.26633948        2.7093972808639009E-006
   330192730.01921487        4.2740766262490904E-006
   367033649.77808005        6.8468055187803496E-006
   407985057.88294888        1.1024503466189185E-005
   453505577.91198468        1.7038337585976838E-005
   504105003.90504313        2.6467977543556826E-005
   567808226.90030992        4.3276982301694593E-005
   639561559.67141318        7.1124387667975960E-005
   720382286.18541229        1.1617419749519829E-004
   822216133.79664171        1.9494411682700828E-004
   926118728.12879372        3.0930782753541789E-004
   1043151384.8194888        4.8463206201799418E-004
   1190612144.4664989        7.9044066407313828E-004
   1358918081.4790514        1.2661732823139782E-003
   1551015887.7122612        1.9789521644936214E-003
   1793830948.8779130        3.1311754191854228E-003
   2130253917.0583427        5.1341861417281299E-003
   2667168296.0580621        8.1819598504568256E-003
